local spline_matrices = {
	[0] = {
		-0.597493,
		-0.741066,
		-0.306307,
		0,
		-0.096444,
		-0.312803,
		0.944909,
		0,
		-0.796053,
		0.594118,
		0.115426,
		0,
		-0.199312,
		0.382719,
		-0.624372,
		1
	},
	{
		-0.625349,
		-0.051448,
		-0.778648,
		0,
		-0.353425,
		0.90829,
		0.223829,
		0,
		0.695722,
		0.415165,
		-0.586181,
		0,
		0.64847,
		0.070747,
		-0.550359,
		1
	},
	[0.016666666666666666] = {
		-0.653861,
		-0.667623,
		-0.356012,
		0,
		0.013761,
		-0.480949,
		0.876641,
		0,
		-0.756489,
		0.568302,
		0.323661,
		0,
		-0.229123,
		0.368702,
		-0.569612,
		1
	},
	[0.03333333333333333] = {
		-0.716474,
		-0.492614,
		-0.49396,
		0,
		0.216775,
		-0.830231,
		0.513542,
		0,
		-0.663079,
		0.260861,
		0.701625,
		0,
		-0.294068,
		0.333727,
		-0.443539,
		1
	},
	[0.05] = {
		-0.684829,
		-0.25987,
		-0.680791,
		0,
		0.434047,
		-0.895906,
		-0.094638,
		0,
		-0.585331,
		-0.360306,
		0.726338,
		0,
		-0.357338,
		0.291163,
		-0.301981,
		1
	},
	[0.06666666666666667] = {
		-0.609003,
		-0.010064,
		-0.793104,
		0,
		0.620503,
		-0.628885,
		-0.468487,
		0,
		-0.494056,
		-0.777433,
		0.389238,
		0,
		-0.381712,
		0.255659,
		-0.199278,
		1
	},
	[0.08333333333333333] = {
		-0.554109,
		0.225144,
		-0.80142,
		0,
		0.713651,
		-0.367159,
		-0.596571,
		0,
		-0.428563,
		-0.902499,
		0.042772,
		0,
		-0.362934,
		0.228093,
		-0.151879,
		1
	},
	[0.11666666666666667] = {
		-0.41745,
		0.610337,
		-0.673219,
		0,
		0.830666,
		-0.044061,
		-0.555025,
		0,
		-0.368415,
		-0.790916,
		-0.488593,
		0,
		-0.299911,
		0.180595,
		-0.117885,
		1
	},
	[0.13333333333333333] = {
		-0.379311,
		0.676707,
		-0.631024,
		0,
		0.850629,
		-0.013317,
		-0.525598,
		0,
		-0.364079,
		-0.736132,
		-0.570575,
		0,
		-0.283184,
		0.166085,
		-0.101583,
		1
	},
	[0.15] = {
		-0.367696,
		0.682967,
		-0.631154,
		0,
		0.855062,
		-0.018533,
		-0.518195,
		0,
		-0.365608,
		-0.730214,
		-0.577165,
		0,
		-0.279614,
		0.159585,
		-0.077829,
		1
	},
	[0.16666666666666666] = {
		-0.362801,
		0.671797,
		-0.645805,
		0,
		0.859282,
		-0.026976,
		-0.51079,
		0,
		-0.360569,
		-0.740244,
		-0.567476,
		0,
		-0.278906,
		0.161861,
		-0.05382,
		1
	},
	[0.18333333333333332] = {
		-0.361745,
		0.648026,
		-0.670226,
		0,
		0.863281,
		-0.03858,
		-0.503246,
		0,
		-0.351975,
		-0.76064,
		-0.545473,
		0,
		-0.279956,
		0.169712,
		-0.029827,
		1
	},
	[0.1] = {
		-0.484983,
		0.450863,
		-0.749343,
		0,
		0.782701,
		-0.15843,
		-0.601896,
		0,
		-0.390091,
		-0.878421,
		-0.276055,
		0,
		-0.331065,
		0.202258,
		-0.129713,
		1
	},
	[0.21666666666666667] = {
		-0.357504,
		0.582541,
		-0.729956,
		0,
		0.87131,
		-0.073298,
		-0.485229,
		0,
		-0.33617,
		-0.80949,
		-0.481369,
		0,
		-0.283,
		0.188348,
		0.017303,
		1
	},
	[0.23333333333333334] = {
		-0.351975,
		0.544113,
		-0.761613,
		0,
		0.873799,
		-0.10068,
		-0.47575,
		0,
		-0.335541,
		-0.832949,
		-0.440009,
		0,
		-0.284211,
		0.201068,
		0.039663,
		1
	},
	[0.25] = {
		-0.343603,
		0.504251,
		-0.792255,
		0,
		0.874002,
		-0.136952,
		-0.466223,
		0,
		-0.343594,
		-0.852629,
		-0.393659,
		0,
		-0.284809,
		0.217163,
		0.060708,
		1
	},
	[0.26666666666666666] = {
		-0.332549,
		0.464947,
		-0.820509,
		0,
		0.87052,
		-0.183336,
		-0.456708,
		0,
		-0.362774,
		-0.866148,
		-0.343777,
		0,
		-0.284543,
		0.237423,
		0.080065,
		1
	},
	[0.2833333333333333] = {
		-0.306904,
		0.421105,
		-0.853511,
		0,
		0.862925,
		-0.25516,
		-0.43618,
		0,
		-0.40146,
		-0.870381,
		-0.285072,
		0,
		-0.28301,
		0.267965,
		0.096608,
		1
	},
	[0.2] = {
		-0.360404,
		0.617774,
		-0.698902,
		0,
		0.867534,
		-0.05334,
		-0.49451,
		0,
		-0.342775,
		-0.784545,
		-0.516716,
		0,
		-0.281444,
		0.178227,
		-0.005992,
		1
	},
	[0.31666666666666665] = {
		-0.226373,
		0.305613,
		-0.924855,
		0,
		0.794039,
		-0.492031,
		-0.356943,
		0,
		-0.564143,
		-0.815173,
		-0.131286,
		0,
		-0.267466,
		0.362285,
		0.116501,
		1
	},
	[0.3333333333333333] = {
		-0.213065,
		0.237484,
		-0.947737,
		0,
		0.707244,
		-0.631762,
		-0.317306,
		0,
		-0.674099,
		-0.737888,
		-0.033353,
		0,
		-0.247983,
		0.416704,
		0.118486,
		1
	},
	[0.35] = {
		-0.234458,
		0.137233,
		-0.962391,
		0,
		0.549159,
		-0.798195,
		-0.247606,
		0,
		-0.802156,
		-0.586559,
		0.11178,
		0,
		-0.197439,
		0.485557,
		0.097907,
		1
	},
	[0.36666666666666664] = {
		-0.292121,
		0.033438,
		-0.955797,
		0,
		0.300406,
		-0.945599,
		-0.124894,
		0,
		-0.907977,
		-0.323611,
		0.266185,
		0,
		-0.106157,
		0.564847,
		0.049065,
		1
	},
	[0.38333333333333336] = {
		-0.433611,
		-0.038413,
		-0.900281,
		0,
		0.000255,
		-0.999096,
		0.042507,
		0,
		-0.9011,
		0.018202,
		0.433229,
		0,
		0.024075,
		0.662677,
		-0.022411,
		1
	},
	[0.3] = {
		-0.265228,
		0.367376,
		-0.891453,
		0,
		0.842329,
		-0.361621,
		-0.399639,
		0,
		-0.469186,
		-0.856893,
		-0.21354,
		0,
		-0.278226,
		0.31115,
		0.10898,
		1
	},
	[0.4166666666666667] = {
		-0.506838,
		0.003018,
		-0.862036,
		0,
		-0.685512,
		-0.607729,
		0.400922,
		0,
		-0.522675,
		0.794138,
		0.310089,
		0,
		0.343205,
		0.705283,
		-0.214389,
		1
	},
	[0.43333333333333335] = {
		-0.48455,
		0.078766,
		-0.87121,
		0,
		-0.869019,
		-0.157289,
		0.469111,
		0,
		-0.100082,
		0.984406,
		0.144663,
		0,
		0.495475,
		0.648759,
		-0.319913,
		1
	},
	[0.45] = {
		-0.515839,
		0.050632,
		-0.855188,
		0,
		-0.808961,
		0.299747,
		0.505702,
		0,
		0.281944,
		0.952674,
		-0.113662,
		0,
		0.612579,
		0.490364,
		-0.431658,
		1
	},
	[0.4666666666666667] = {
		-0.555659,
		0.014289,
		-0.831287,
		0,
		-0.668453,
		0.586864,
		0.456903,
		0,
		0.494381,
		0.809559,
		-0.316545,
		0,
		0.664959,
		0.339626,
		-0.503989,
		1
	},
	[0.48333333333333334] = {
		-0.573553,
		-0.002096,
		-0.819166,
		0,
		-0.588259,
		0.696974,
		0.410096,
		0,
		0.570078,
		0.717093,
		-0.400984,
		0,
		0.660689,
		0.275237,
		-0.522218,
		1
	},
	[0.4] = {
		-0.528333,
		-0.072182,
		-0.845963,
		0,
		-0.313574,
		-0.909345,
		0.273428,
		0,
		-0.789009,
		0.409733,
		0.457803,
		0,
		0.175951,
		0.721354,
		-0.11163,
		1
	},
	[0.5166666666666667] = {
		-0.603374,
		-0.027601,
		-0.79698,
		0,
		-0.454122,
		0.833418,
		0.314941,
		0,
		0.655525,
		0.551953,
		-0.515397,
		0,
		0.652691,
		0.168492,
		-0.540785,
		1
	},
	[0.5333333333333333] = {
		-0.613793,
		-0.039134,
		-0.788497,
		0,
		-0.406951,
		0.871535,
		0.273529,
		0,
		0.676498,
		0.48877,
		-0.550867,
		0,
		0.650423,
		0.126281,
		-0.545329,
		1
	},
	[0.55] = {
		-0.620435,
		-0.048433,
		-0.782761,
		0,
		-0.377024,
		0.893609,
		0.243547,
		0,
		0.687686,
		0.446225,
		-0.572687,
		0,
		0.649125,
		0.096607,
		-0.547528,
		1
	},
	[0.5666666666666667] = {
		-0.622478,
		-0.052447,
		-0.780878,
		0,
		-0.368537,
		0.899851,
		0.233342,
		0,
		0.690436,
		0.433033,
		-0.579466,
		0,
		0.648634,
		0.087509,
		-0.54775,
		1
	},
	[0.5833333333333334] = {
		-0.621978,
		-0.053346,
		-0.781215,
		0,
		-0.371149,
		0.89857,
		0.234138,
		0,
		0.689486,
		0.435576,
		-0.57869,
		0,
		0.648634,
		0.089903,
		-0.547362,
		1
	},
	[0.5] = {
		-0.589781,
		-0.015589,
		-0.807413,
		0,
		-0.515269,
		0.777112,
		0.361379,
		0,
		0.621817,
		0.629169,
		-0.466358,
		0,
		0.656224,
		0.218156,
		-0.533609,
		1
	},
	[0.6166666666666667] = {
		-0.621139,
		-0.054606,
		-0.781796,
		0,
		-0.374715,
		0.896845,
		0.235071,
		0,
		0.688313,
		0.438962,
		-0.577527,
		0,
		0.648735,
		0.093096,
		-0.546708,
		1
	},
	[0.6333333333333333] = {
		-0.62084,
		-0.054973,
		-0.782008,
		0,
		-0.375751,
		0.896351,
		0.2353,
		0,
		0.688018,
		0.439924,
		-0.577146,
		0,
		0.648803,
		0.094004,
		-0.546472,
		1
	},
	[0.65] = {
		-0.620646,
		-0.055167,
		-0.782147,
		0,
		-0.376344,
		0.896067,
		0.235433,
		0,
		0.687869,
		0.440477,
		-0.576903,
		0,
		0.648857,
		0.094525,
		-0.546318,
		1
	},
	[0.6666666666666666] = {
		-0.620578,
		-0.055191,
		-0.7822,
		0,
		-0.376532,
		0.895967,
		0.235513,
		0,
		0.687827,
		0.440678,
		-0.576799,
		0,
		0.648879,
		0.094715,
		-0.546258,
		1
	},
	[0.6833333333333333] = {
		-0.620609,
		-0.05509,
		-0.782183,
		0,
		-0.37643,
		0.895996,
		0.235565,
		0,
		0.687855,
		0.440631,
		-0.576801,
		0,
		0.648872,
		0.094671,
		-0.546275,
		1
	},
	[0.6] = {
		-0.621525,
		-0.054064,
		-0.781526,
		0,
		-0.373195,
		0.897576,
		0.234698,
		0,
		0.688791,
		0.437532,
		-0.578042,
		0,
		0.648673,
		0.091747,
		-0.547009,
		1
	},
	[0.7166666666666667] = {
		-0.620835,
		-0.054633,
		-0.782035,
		0,
		-0.375656,
		0.896311,
		0.235605,
		0,
		0.688075,
		0.440048,
		-0.576984,
		0,
		0.648821,
		0.094121,
		-0.546431,
		1
	},
	[0.7333333333333333] = {
		-0.621015,
		-0.054361,
		-0.781911,
		0,
		-0.375012,
		0.896605,
		0.235511,
		0,
		0.688263,
		0.439482,
		-0.577191,
		0,
		0.648783,
		0.093587,
		-0.546567,
		1
	},
	[0.75] = {
		-0.621231,
		-0.054079,
		-0.781759,
		0,
		-0.374217,
		0.896986,
		0.235325,
		0,
		0.688501,
		0.438739,
		-0.577473,
		0,
		0.648741,
		0.092886,
		-0.546737,
		1
	},
	[0.7666666666666667] = {
		-0.621475,
		-0.053791,
		-0.781585,
		0,
		-0.373285,
		0.897446,
		0.235051,
		0,
		0.688787,
		0.437832,
		-0.57782,
		0,
		0.648697,
		0.092031,
		-0.546934,
		1
	},
	[0.7833333333333333] = {
		-0.62174,
		-0.053503,
		-0.781394,
		0,
		-0.372229,
		0.897979,
		0.234689,
		0,
		0.689119,
		0.436773,
		-0.578225,
		0,
		0.648654,
		0.091032,
		-0.547151,
		1
	},
	[0.7] = {
		-0.620697,
		-0.054893,
		-0.782127,
		0,
		-0.376133,
		0.89611,
		0.235607,
		0,
		0.687938,
		0.440424,
		-0.57686,
		0,
		0.648851,
		0.094476,
		-0.546333,
		1
	},
	[0.8166666666666667] = {
		-0.622303,
		-0.052937,
		-0.780984,
		0,
		-0.369804,
		0.899234,
		0.233714,
		0,
		0.689916,
		0.434253,
		-0.579173,
		0,
		0.648585,
		0.088657,
		-0.547623,
		1
	},
	[0.8333333333333334] = {
		-0.622587,
		-0.052668,
		-0.780776,
		0,
		-0.368465,
		0.899942,
		0.233105,
		0,
		0.690376,
		0.432817,
		-0.579698,
		0,
		0.648563,
		0.087306,
		-0.547866,
		1
	},
	[0.85] = {
		-0.622863,
		-0.052413,
		-0.780574,
		0,
		-0.367059,
		0.900694,
		0.232418,
		0,
		0.690876,
		0.431281,
		-0.580247,
		0,
		0.648554,
		0.085861,
		-0.548105,
		1
	},
	[0.8666666666666667] = {
		-0.623123,
		-0.052176,
		-0.780382,
		0,
		-0.365602,
		0.901483,
		0.231655,
		0,
		0.691414,
		0.429659,
		-0.58081,
		0,
		0.648561,
		0.084335,
		-0.548333,
		1
	},
	[0.8833333333333333] = {
		-0.62338,
		-0.051962,
		-0.78019,
		0,
		-0.364103,
		0.902301,
		0.230828,
		0,
		0.691973,
		0.427963,
		-0.581396,
		0,
		0.648573,
		0.082741,
		-0.548562,
		1
	},
	[0.8] = {
		-0.622018,
		-0.053217,
		-0.781192,
		0,
		-0.371064,
		0.898578,
		0.234243,
		0,
		0.689496,
		0.435576,
		-0.578679,
		0,
		0.648616,
		0.089904,
		-0.547383,
		1
	},
	[0.9166666666666666] = {
		-0.623929,
		-0.051618,
		-0.779774,
		0,
		-0.361017,
		0.904,
		0.229023,
		0,
		0.693094,
		0.424405,
		-0.582667,
		0,
		0.648574,
		0.079401,
		-0.549054,
		1
	},
	[0.9333333333333333] = {
		-0.624214,
		-0.051497,
		-0.779554,
		0,
		-0.359457,
		0.904866,
		0.228053,
		0,
		0.693648,
		0.42257,
		-0.583341,
		0,
		0.648564,
		0.07768,
		-0.549312,
		1
	},
	[0.95] = {
		-0.624501,
		-0.051416,
		-0.77933,
		0,
		-0.357905,
		0.905734,
		0.227045,
		0,
		0.694192,
		0.420715,
		-0.584034,
		0,
		0.648548,
		0.075942,
		-0.549574,
		1
	},
	[0.9666666666666667] = {
		-0.624788,
		-0.051378,
		-0.779102,
		0,
		-0.356373,
		0.906599,
		0.226002,
		0,
		0.694722,
		0.418854,
		-0.584742,
		0,
		0.648527,
		0.074199,
		-0.549837,
		1
	},
	[0.9833333333333333] = {
		-0.625072,
		-0.051387,
		-0.778874,
		0,
		-0.354875,
		0.907453,
		0.224928,
		0,
		0.695233,
		0.416999,
		-0.585459,
		0,
		0.6485,
		0.072463,
		-0.5501,
		1
	},
	[0.9] = {
		-0.62365,
		-0.051774,
		-0.779987,
		0,
		-0.36257,
		0.903143,
		0.229949,
		0,
		0.692534,
		0.426207,
		-0.582017,
		0,
		0.648577,
		0.081092,
		-0.548803,
		1
	},
	[1.0166666666666666] = {
		-0.625617,
		-0.051565,
		-0.778425,
		0,
		-0.352037,
		0.909104,
		0.222709,
		0,
		0.696185,
		0.413365,
		-0.586903,
		0,
		0.648437,
		0.069065,
		-0.550612,
		1
	},
	[1.0333333333333334] = {
		-0.625872,
		-0.051742,
		-0.778207,
		0,
		-0.350724,
		0.909889,
		0.221573,
		0,
		0.696618,
		0.411612,
		-0.587621,
		0,
		0.648401,
		0.067427,
		-0.550857,
		1
	},
	[1.05] = {
		-0.626116,
		-0.051958,
		-0.777997,
		0,
		-0.349465,
		0.910652,
		0.220424,
		0,
		0.697032,
		0.409894,
		-0.588331,
		0,
		0.648366,
		0.065823,
		-0.551092,
		1
	},
	[1.0666666666666667] = {
		-0.626347,
		-0.05219,
		-0.777796,
		0,
		-0.34823,
		0.911404,
		0.219269,
		0,
		0.697442,
		0.40819,
		-0.589029,
		0,
		0.648335,
		0.064234,
		-0.551315,
		1
	},
	[1.0833333333333333] = {
		-0.626563,
		-0.052433,
		-0.777605,
		0,
		-0.347023,
		0.912141,
		0.218113,
		0,
		0.697849,
		0.406508,
		-0.58971,
		0,
		0.64831,
		0.062666,
		-0.551526,
		1
	},
	[1.1166666666666667] = {
		-0.626944,
		-0.052948,
		-0.777263,
		0,
		-0.344712,
		0.913564,
		0.215813,
		0,
		0.698652,
		0.403234,
		-0.591005,
		0,
		0.648282,
		0.059617,
		-0.551897,
		1
	},
	[1.1333333333333333] = {
		-0.627104,
		-0.053215,
		-0.777116,
		0,
		-0.343614,
		0.914244,
		0.214679,
		0,
		0.699049,
		0.401654,
		-0.591611,
		0,
		0.648281,
		0.058147,
		-0.552054,
		1
	},
	[1.15] = {
		-0.627241,
		-0.053484,
		-0.776987,
		0,
		-0.342561,
		0.9149,
		0.213563,
		0,
		0.699443,
		0.400121,
		-0.592184,
		0,
		0.648292,
		0.056721,
		-0.55219,
		1
	},
	[1.1666666666666667] = {
		-0.627351,
		-0.053753,
		-0.776879,
		0,
		-0.341556,
		0.91553,
		0.21247,
		0,
		0.699835,
		0.398641,
		-0.592719,
		0,
		0.648315,
		0.055346,
		-0.552302,
		1
	},
	[1.1833333333333333] = {
		-0.627434,
		-0.05402,
		-0.776793,
		0,
		-0.340603,
		0.916132,
		0.211403,
		0,
		0.700225,
		0.39722,
		-0.593212,
		0,
		0.648352,
		0.054026,
		-0.55239,
		1
	},
	[1.1] = {
		-0.626763,
		-0.052687,
		-0.777426,
		0,
		-0.345849,
		0.912862,
		0.216959,
		0,
		0.698252,
		0.404854,
		-0.59037,
		0,
		0.648292,
		0.061125,
		-0.55172,
		1
	},
	[1.2166666666666666] = {
		-0.627521,
		-0.054538,
		-0.776687,
		0,
		-0.338866,
		0.917241,
		0.209378,
		0,
		0.70099,
		0.394582,
		-0.594069,
		0,
		0.648464,
		0.051577,
		-0.552492,
		1
	},
	[1.2333333333333334] = {
		-0.627548,
		-0.054784,
		-0.776648,
		0,
		-0.338082,
		0.917744,
		0.20844,
		0,
		0.701344,
		0.393377,
		-0.59445,
		0,
		0.648522,
		0.05046,
		-0.552527,
		1
	},
	[1.25] = {
		-0.627569,
		-0.055019,
		-0.776614,
		0,
		-0.337358,
		0.918209,
		0.207563,
		0,
		0.701674,
		0.392257,
		-0.594801,
		0,
		0.648578,
		0.049422,
		-0.552555,
		1
	},
	[1.2666666666666666] = {
		-0.627585,
		-0.055239,
		-0.776586,
		0,
		-0.336696,
		0.918634,
		0.206752,
		0,
		0.701977,
		0.391228,
		-0.59512,
		0,
		0.648631,
		0.048469,
		-0.552578,
		1
	},
	[1.2833333333333334] = {
		-0.627597,
		-0.055443,
		-0.776562,
		0,
		-0.336101,
		0.919018,
		0.206014,
		0,
		0.702252,
		0.390297,
		-0.595407,
		0,
		0.64868,
		0.047607,
		-0.552595,
		1
	},
	[1.2] = {
		-0.627487,
		-0.054283,
		-0.776732,
		0,
		-0.339706,
		0.916703,
		0.210369,
		0,
		0.700613,
		0.395865,
		-0.59366,
		0,
		0.648404,
		0.052768,
		-0.55245,
		1
	},
	[1.3166666666666667] = {
		-0.627609,
		-0.055791,
		-0.776527,
		0,
		-0.335121,
		0.919652,
		0.20478,
		0,
		0.70271,
		0.388752,
		-0.595878,
		0,
		0.648764,
		0.046177,
		-0.552617,
		1
	},
	[1.3333333333333333] = {
		-0.627611,
		-0.055929,
		-0.776515,
		0,
		-0.334743,
		0.919897,
		0.204296,
		0,
		0.702888,
		0.388151,
		-0.59606,
		0,
		0.648799,
		0.04562,
		-0.552623,
		1
	},
	[1.35] = {
		-0.627612,
		-0.056042,
		-0.776507,
		0,
		-0.334443,
		0.920092,
		0.203909,
		0,
		0.70303,
		0.387673,
		-0.596203,
		0,
		0.648826,
		0.045178,
		-0.552627,
		1
	},
	[1.3666666666666667] = {
		-0.627612,
		-0.056125,
		-0.776501,
		0,
		-0.334225,
		0.920234,
		0.203625,
		0,
		0.703134,
		0.387323,
		-0.596308,
		0,
		0.648847,
		0.044855,
		-0.552629,
		1
	},
	[1.3833333333333333] = {
		-0.627611,
		-0.056177,
		-0.776498,
		0,
		-0.334092,
		0.920321,
		0.203451,
		0,
		0.703198,
		0.387109,
		-0.596372,
		0,
		0.64886,
		0.044657,
		-0.55263,
		1
	},
	[1.3] = {
		-0.627604,
		-0.055628,
		-0.776543,
		0,
		-0.335575,
		0.919358,
		0.205355,
		0,
		0.702497,
		0.38947,
		-0.59566,
		0,
		0.648725,
		0.04684,
		-0.552608,
		1
	},
	[1.4] = {
		-0.627611,
		-0.056195,
		-0.776497,
		0,
		-0.334047,
		0.92035,
		0.203391,
		0,
		0.70322,
		0.387037,
		-0.596393,
		0,
		0.648865,
		0.044589,
		-0.55263,
		1
	}
}

return spline_matrices
