local spline_matrices = {
	[0] = {
		-0.91738,
		0.347188,
		0.194613,
		0,
		0.390919,
		0.694074,
		0.604519,
		0,
		0.074806,
		0.630652,
		-0.772452,
		0,
		0.337382,
		-0.092449,
		-0.66537,
		1
	},
	{
		-0.6546,
		-0.753152,
		-0.065275,
		0,
		-0.6384,
		0.504481,
		0.58133,
		0,
		-0.4049,
		0.42221,
		-0.811045,
		0,
		0.041351,
		-0.043203,
		-0.673859,
		1
	},
	[0.0166666666667] = {
		-0.79908,
		0.555762,
		0.229345,
		0,
		0.469547,
		0.338637,
		0.815384,
		0,
		0.375494,
		0.759245,
		-0.531555,
		0,
		0.382086,
		-0.038007,
		-0.625984,
		1
	},
	[0.0333333333333] = {
		-0.56642,
		0.728734,
		0.384857,
		0,
		0.350123,
		-0.209963,
		0.912869,
		0,
		0.746044,
		0.651815,
		-0.136219,
		0,
		0.473471,
		0.037299,
		-0.527262,
		1
	},
	[0.05] = {
		-0.291585,
		0.688111,
		0.664441,
		0,
		-0.065053,
		-0.707283,
		0.703931,
		0,
		0.95433,
		0.162032,
		0.250997,
		0,
		0.578641,
		0.089891,
		-0.394608,
		1
	},
	[0.0666666666667] = {
		-0.167663,
		0.44728,
		0.878538,
		0,
		-0.495404,
		-0.808688,
		0.317173,
		0,
		0.852328,
		-0.382054,
		0.357171,
		0,
		0.652085,
		0.115944,
		-0.281939,
		1
	},
	[0.0833333333333] = {
		-0.171444,
		0.256621,
		0.951185,
		0,
		-0.689674,
		-0.720716,
		0.070134,
		0,
		0.703532,
		-0.643983,
		0.300548,
		0,
		0.689623,
		0.142308,
		-0.216191,
		1
	},
	[0.116666666667] = {
		-0.230596,
		0.119616,
		0.965669,
		0,
		-0.725389,
		-0.682605,
		-0.088665,
		0,
		0.648565,
		-0.720932,
		0.244174,
		0,
		0.732055,
		0.208719,
		-0.149164,
		1
	},
	[0.133333333333] = {
		-0.258254,
		0.0941,
		0.961483,
		0,
		-0.683494,
		-0.721155,
		-0.113007,
		0,
		0.682745,
		-0.686353,
		0.250558,
		0,
		0.750204,
		0.24634,
		-0.123983,
		1
	},
	[0.15] = {
		-0.280681,
		0.0782,
		0.95661,
		0,
		-0.616857,
		-0.778275,
		-0.117372,
		0,
		0.735327,
		-0.623035,
		0.266686,
		0,
		0.76499,
		0.284994,
		-0.102981,
		1
	},
	[0.166666666667] = {
		-0.294614,
		0.062764,
		0.953553,
		0,
		-0.535557,
		-0.837257,
		-0.110359,
		0,
		0.791443,
		-0.543195,
		0.280281,
		0,
		0.77547,
		0.32368,
		-0.085565,
		1
	},
	[0.183333333333] = {
		-0.294664,
		0.040663,
		0.954735,
		0,
		-0.457752,
		-0.883015,
		-0.10367,
		0,
		0.83883,
		-0.46758,
		0.278806,
		0,
		0.781366,
		0.360677,
		-0.07108,
		1
	},
	[0.1] = {
		-0.199831,
		0.167308,
		0.965441,
		0,
		-0.73391,
		-0.678377,
		-0.034347,
		0,
		0.649187,
		-0.71541,
		0.25835,
		0,
		0.711636,
		0.173208,
		-0.179345,
		1
	},
	[0.216666666667] = {
		-0.216553,
		-0.04166,
		0.975382,
		0,
		-0.408451,
		-0.903579,
		-0.129277,
		0,
		0.88672,
		-0.426391,
		0.178657,
		0,
		0.756178,
		0.417685,
		-0.051731,
		1
	},
	[0.233333333333] = {
		-0.126143,
		-0.094996,
		0.987453,
		0,
		-0.428404,
		-0.892582,
		-0.140596,
		0,
		0.894739,
		-0.440765,
		0.071897,
		0,
		0.689253,
		0.43421,
		-0.05207,
		1
	},
	[0.25] = {
		-0.036431,
		-0.148498,
		0.988241,
		0,
		-0.441086,
		-0.884969,
		-0.14924,
		0,
		0.896725,
		-0.441336,
		-0.03326,
		0,
		0.603615,
		0.452106,
		-0.055819,
		1
	},
	[0.266666666667] = {
		0.021586,
		-0.191794,
		0.981198,
		0,
		-0.417908,
		-0.893303,
		-0.16542,
		0,
		0.908233,
		-0.406479,
		-0.099436,
		0,
		0.521591,
		0.479861,
		-0.058291,
		1
	},
	[0.283333333333] = {
		0.015413,
		-0.225517,
		0.974117,
		0,
		-0.383386,
		-0.901105,
		-0.202548,
		0,
		0.923459,
		-0.370341,
		-0.100349,
		0,
		0.443236,
		0.527835,
		-0.055504,
		1
	},
	[0.2] = {
		-0.274791,
		0.005697,
		0.961487,
		0,
		-0.410282,
		-0.905068,
		-0.111894,
		0,
		0.869574,
		-0.425228,
		0.251042,
		0,
		0.783134,
		0.393813,
		-0.058675,
		1
	},
	[0.316666666667] = {
		0.044442,
		-0.165345,
		0.985234,
		0,
		0.478276,
		-0.862322,
		-0.166292,
		0,
		0.877085,
		0.478604,
		0.040757,
		0,
		0.216593,
		0.686362,
		-0.041936,
		1
	},
	[0.333333333333] = {
		0.034053,
		-0.080909,
		0.99614,
		0,
		0.941269,
		-0.332431,
		-0.059178,
		0,
		0.335935,
		0.939651,
		0.064837,
		0,
		0.046885,
		0.722297,
		-0.043587,
		1
	},
	[0.35] = {
		0.069897,
		-0.073014,
		0.994879,
		0,
		0.993583,
		-0.083804,
		-0.075957,
		0,
		0.088921,
		0.993804,
		0.066687,
		0,
		-0.097962,
		0.677058,
		-0.042281,
		1
	},
	[0.366666666667] = {
		0.022899,
		-0.012392,
		0.999661,
		0,
		0.980032,
		0.197831,
		-0.019997,
		0,
		-0.197517,
		0.980158,
		0.016675,
		0,
		-0.250442,
		0.604041,
		-0.049443,
		1
	},
	[0.383333333333] = {
		0.016399,
		-0.028784,
		0.999451,
		0,
		0.838403,
		0.545047,
		0.001941,
		0,
		-0.544803,
		0.837911,
		0.033071,
		0,
		-0.38664,
		0.510331,
		-0.053218,
		1
	},
	[0.3] = {
		0.008256,
		-0.23662,
		0.971567,
		0,
		-0.195651,
		-0.953204,
		-0.230486,
		0,
		0.980639,
		-0.188185,
		-0.054165,
		0,
		0.351315,
		0.594016,
		-0.048862,
		1
	},
	[0.416666666667] = {
		-0.019845,
		-0.082343,
		0.996406,
		0,
		0.44901,
		0.889713,
		0.082468,
		0,
		-0.893306,
		0.449033,
		0.019316,
		0,
		-0.577535,
		0.332361,
		-0.092339,
		1
	},
	[0.433333333333] = {
		-0.057319,
		-0.096667,
		0.993665,
		0,
		0.300561,
		0.947455,
		0.109509,
		0,
		-0.952039,
		0.304934,
		-0.025253,
		0,
		-0.614618,
		0.283631,
		-0.123139,
		1
	},
	[0.45] = {
		-0.100114,
		-0.104427,
		0.989481,
		0,
		0.240697,
		0.962397,
		0.125922,
		0,
		-0.965423,
		0.250772,
		-0.071214,
		0,
		-0.60454,
		0.25983,
		-0.152745,
		1
	},
	[0.466666666667] = {
		-0.145544,
		-0.110213,
		0.983194,
		0,
		0.203025,
		0.969299,
		0.13871,
		0,
		-0.968296,
		0.219801,
		-0.1187,
		0,
		-0.584118,
		0.236358,
		-0.181588,
		1
	},
	[0.483333333333] = {
		-0.193164,
		-0.113327,
		0.9746,
		0,
		0.185223,
		0.971236,
		0.149646,
		0,
		-0.963525,
		0.209424,
		-0.166617,
		0,
		-0.555174,
		0.213143,
		-0.212773,
		1
	},
	[0.4] = {
		0.007046,
		-0.062045,
		0.998049,
		0,
		0.651333,
		0.757601,
		0.042499,
		0,
		-0.758759,
		0.649762,
		0.04575,
		0,
		-0.494024,
		0.414049,
		-0.066633,
		1
	},
	[0.516666666667] = {
		-0.302649,
		-0.200228,
		0.931833,
		0,
		0.1529,
		0.954822,
		0.254828,
		0,
		-0.940758,
		0.219601,
		-0.258361,
		0,
		-0.474552,
		0.166802,
		-0.284502,
		1
	},
	[0.533333333333] = {
		-0.36459,
		-0.282791,
		0.887188,
		0,
		0.12035,
		0.930467,
		0.346044,
		0,
		-0.923358,
		0.232938,
		-0.305205,
		0,
		-0.424825,
		0.141535,
		-0.326731,
		1
	},
	[0.55] = {
		-0.429085,
		-0.357825,
		0.829366,
		0,
		0.086291,
		0.897749,
		0.431972,
		0,
		-0.899133,
		0.25692,
		-0.354333,
		0,
		-0.371053,
		0.11657,
		-0.371144,
		1
	},
	[0.566666666667] = {
		-0.495202,
		-0.423461,
		0.758588,
		0,
		0.047259,
		0.858744,
		0.510221,
		0,
		-0.867491,
		0.288513,
		-0.405239,
		0,
		-0.314711,
		0.092294,
		-0.41659,
		1
	},
	[0.583333333333] = {
		-0.560678,
		-0.478531,
		0.675758,
		0,
		0.000474,
		0.815913,
		0.578174,
		0,
		-0.828034,
		0.324489,
		-0.457238,
		0,
		-0.257279,
		0.069061,
		-0.46187,
		1
	},
	[0.5] = {
		-0.242726,
		-0.11239,
		0.963563,
		0,
		0.187662,
		0.969064,
		0.160305,
		0,
		-0.951771,
		0.219734,
		-0.214125,
		0,
		-0.518716,
		0.191969,
		-0.245547,
		1
	},
	[0.616666666667] = {
		-0.67632,
		-0.557467,
		0.481479,
		0,
		-0.121921,
		0.729345,
		0.673194,
		0,
		-0.726448,
		0.396592,
		-0.561238,
		0,
		-0.145339,
		0.027031,
		-0.546965,
		1
	},
	[0.633333333333] = {
		-0.719367,
		-0.584345,
		0.375568,
		0,
		-0.197013,
		0.690107,
		0.696375,
		0,
		-0.666106,
		0.426957,
		-0.611564,
		0,
		-0.094183,
		0.008956,
		-0.584286,
		1
	},
	[0.65] = {
		-0.748361,
		-0.60656,
		0.268404,
		0,
		-0.279414,
		0.655284,
		0.701805,
		0,
		-0.601568,
		0.450207,
		-0.65987,
		0,
		-0.048671,
		-0.00671,
		-0.616508,
		1
	},
	[0.666666666667] = {
		-0.761089,
		-0.62764,
		0.163742,
		0,
		-0.366881,
		0.624715,
		0.689296,
		0,
		-0.534922,
		0.464542,
		-0.705733,
		0,
		-0.010737,
		-0.019558,
		-0.642479,
		1
	},
	[0.683333333333] = {
		-0.756182,
		-0.651095,
		0.065302,
		0,
		-0.457027,
		0.596926,
		0.659398,
		0,
		-0.468311,
		0.46878,
		-0.748953,
		0,
		0.017639,
		-0.029086,
		-0.661101,
		1
	},
	[0.6] = {
		-0.622257,
		-0.522882,
		0.582572,
		0,
		-0.055805,
		0.77194,
		0.633241,
		0,
		-0.780821,
		0.361528,
		-0.509525,
		0,
		-0.200284,
		0.047186,
		-0.505747,
		1
	},
	[0.716666666667] = {
		-0.672228,
		-0.736736,
		-0.073002,
		0,
		-0.62655,
		0.513603,
		0.586215,
		0,
		-0.394391,
		0.43981,
		-0.80686,
		0,
		0.040642,
		-0.037401,
		-0.674249,
		1
	},
	[0.733333333333] = {
		-0.671179,
		-0.737745,
		-0.072464,
		0,
		-0.627266,
		0.513122,
		0.58587,
		0,
		-0.39504,
		0.438677,
		-0.807159,
		0,
		0.040677,
		-0.037819,
		-0.674224,
		1
	},
	[0.75] = {
		-0.670034,
		-0.738839,
		-0.071908,
		0,
		-0.628046,
		0.512574,
		0.585513,
		0,
		-0.395742,
		0.437475,
		-0.807467,
		0,
		0.040718,
		-0.038247,
		-0.674197,
		1
	},
	[0.766666666667] = {
		-0.668804,
		-0.740007,
		-0.071348,
		0,
		-0.628884,
		0.511955,
		0.585155,
		0,
		-0.396492,
		0.436224,
		-0.807776,
		0,
		0.040763,
		-0.038673,
		-0.67417,
		1
	},
	[0.783333333333] = {
		-0.667499,
		-0.741238,
		-0.070796,
		0,
		-0.629771,
		0.511266,
		0.584804,
		0,
		-0.397283,
		0.434941,
		-0.80808,
		0,
		0.040814,
		-0.039087,
		-0.674143,
		1
	},
	[0.7] = {
		-0.73288,
		-0.679957,
		-0.02337,
		0,
		-0.547642,
		0.569188,
		0.613281,
		0,
		-0.403702,
		0.46226,
		-0.789519,
		0,
		0.034476,
		-0.034692,
		-0.671329,
		1
	},
	[0.816666666667] = {
		-0.664768,
		-0.743785,
		-0.069767,
		0,
		-0.63162,
		0.509725,
		0.584155,
		0,
		-0.398924,
		0.432393,
		-0.808638,
		0,
		0.040923,
		-0.039838,
		-0.674093,
		1
	},
	[0.833333333333] = {
		-0.663478,
		-0.744978,
		-0.069315,
		0,
		-0.632488,
		0.508969,
		0.583875,
		0,
		-0.399695,
		0.431229,
		-0.808879,
		0,
		0.040974,
		-0.04016,
		-0.67407,
		1
	},
	[0.85] = {
		-0.662261,
		-0.746097,
		-0.068922,
		0,
		-0.633304,
		0.508228,
		0.583636,
		0,
		-0.400421,
		0.430168,
		-0.809085,
		0,
		0.041021,
		-0.040432,
		-0.674051,
		1
	},
	[0.866666666667] = {
		-0.661116,
		-0.747141,
		-0.068601,
		0,
		-0.634068,
		0.507492,
		0.583446,
		0,
		-0.401102,
		0.429224,
		-0.809249,
		0,
		0.041066,
		-0.040642,
		-0.674036,
		1
	},
	[0.883333333333] = {
		-0.660045,
		-0.748109,
		-0.068367,
		0,
		-0.634782,
		0.506751,
		0.583314,
		0,
		-0.401737,
		0.428411,
		-0.809365,
		0,
		0.041108,
		-0.04078,
		-0.674025,
		1
	},
	[0.8] = {
		-0.66613,
		-0.742519,
		-0.070264,
		0,
		-0.6307,
		0.510506,
		0.584467,
		0,
		-0.398107,
		0.433646,
		-0.808369,
		0,
		0.040868,
		-0.039478,
		-0.674117,
		1
	},
	[0.916666666667] = {
		-0.658122,
		-0.749855,
		-0.067777,
		0,
		-0.636059,
		0.505555,
		0.58296,
		0,
		-0.402871,
		0.426769,
		-0.809669,
		0,
		0.041185,
		-0.041181,
		-0.673996,
		1
	},
	[0.933333333333] = {
		-0.65727,
		-0.75064,
		-0.067351,
		0,
		-0.636624,
		0.505154,
		0.582692,
		0,
		-0.403369,
		0.425863,
		-0.809898,
		0,
		0.041221,
		-0.041507,
		-0.673974,
		1
	},
	[0.95] = {
		-0.656492,
		-0.751364,
		-0.066867,
		0,
		-0.63714,
		0.504862,
		0.58238,
		0,
		-0.403821,
		0.424931,
		-0.810162,
		0,
		0.041255,
		-0.04189,
		-0.673948,
		1
	},
	[0.966666666667] = {
		-0.655788,
		-0.752025,
		-0.066345,
		0,
		-0.637607,
		0.504664,
		0.582041,
		0,
		-0.404227,
		0.423997,
		-0.810449,
		0,
		0.041288,
		-0.042314,
		-0.673919,
		1
	},
	[0.983333333333] = {
		-0.655157,
		-0.752621,
		-0.065807,
		0,
		-0.638027,
		0.504542,
		0.581686,
		0,
		-0.404587,
		0.423082,
		-0.810747,
		0,
		0.04132,
		-0.042758,
		-0.673889,
		1
	},
	[0.9] = {
		-0.659047,
		-0.749011,
		-0.068122,
		0,
		-0.635445,
		0.506082,
		0.583172,
		0,
		-0.402327,
		0.427626,
		-0.809487,
		0,
		0.041148,
		-0.040933,
		-0.674013,
		1
	},
	[1.01666666667] = {
		-0.654117,
		-0.753615,
		-0.064767,
		0,
		-0.638724,
		0.504464,
		0.580989,
		0,
		-0.405169,
		0.421403,
		-0.811331,
		0,
		0.04138,
		-0.043631,
		-0.67383,
		1
	},
	[1.03333333333] = {
		-0.653709,
		-0.754009,
		-0.064304,
		0,
		-0.638998,
		0.504475,
		0.580678,
		0,
		-0.405397,
		0.420685,
		-0.81159,
		0,
		0.041404,
		-0.044023,
		-0.673803,
		1
	},
	[1.05] = {
		-0.653375,
		-0.754332,
		-0.063907,
		0,
		-0.639222,
		0.504498,
		0.580412,
		0,
		-0.405582,
		0.420077,
		-0.811812,
		0,
		0.041424,
		-0.04436,
		-0.673779,
		1
	},
	[1.06666666667] = {
		-0.653115,
		-0.754584,
		-0.063597,
		0,
		-0.639396,
		0.504516,
		0.580204,
		0,
		-0.405727,
		0.419603,
		-0.811984,
		0,
		0.04144,
		-0.044623,
		-0.673761,
		1
	},
	[1.08333333333] = {
		-0.652929,
		-0.754761,
		-0.063395,
		0,
		-0.63952,
		0.504514,
		0.580069,
		0,
		-0.40583,
		0.419286,
		-0.812097,
		0,
		0.041451,
		-0.044793,
		-0.673749,
		1
	},
	[1.1] = {
		-0.652818,
		-0.754864,
		-0.063323,
		0,
		-0.639594,
		0.504475,
		0.580021,
		0,
		-0.405892,
		0.419149,
		-0.812137,
		0,
		0.041457,
		-0.044851,
		-0.673745,
		1
	}
}

return spline_matrices
