local spline_matrices = {
	[0] = {
		-0.931128,
		0.202834,
		0.303083,
		0,
		-0.311512,
		-0.010213,
		-0.950187,
		0,
		-0.189635,
		-0.97916,
		0.072694,
		0,
		0.455793,
		-0.211701,
		-0.032058,
		1
	},
	{
		-0.876336,
		0.270281,
		0.398727,
		0,
		0.479552,
		0.411439,
		0.775079,
		0,
		0.045437,
		0.870441,
		-0.490172,
		0,
		-0.187925,
		0.126839,
		-0.616215,
		1
	},
	[0.03333333333333333] = {
		-0.95153,
		0.114909,
		0.285284,
		0,
		-0.28139,
		0.049141,
		-0.958334,
		0,
		-0.12414,
		-0.99216,
		-0.014425,
		0,
		0.445767,
		-0.153807,
		-0.043119,
		1
	},
	[0.06666666666666667] = {
		-0.971259,
		-0.072616,
		0.226678,
		0,
		-0.236227,
		0.177227,
		-0.955399,
		0,
		0.029204,
		-0.981487,
		-0.189287,
		0,
		0.419201,
		-0.024934,
		-0.065985,
		1
	},
	[0.13333333333333333] = {
		-0.937239,
		-0.344945,
		0.050945,
		0,
		-0.173101,
		0.333456,
		-0.926738,
		0,
		0.302686,
		-0.877394,
		-0.372238,
		0,
		0.362124,
		0.214419,
		-0.103254,
		1
	},
	[0.16666666666666666] = {
		-0.956332,
		-0.268935,
		-0.114465,
		0,
		0.026574,
		0.31,
		-0.950365,
		0,
		0.291071,
		-0.911907,
		-0.289317,
		0,
		0.355189,
		0.250216,
		-0.043334,
		1
	},
	[0.1] = {
		-0.955857,
		-0.258049,
		0.140529,
		0,
		-0.215906,
		0.292422,
		-0.931597,
		0,
		0.199304,
		-0.920815,
		-0.335228,
		0,
		0.386789,
		0.116651,
		-0.090275,
		1
	},
	[0.23333333333333334] = {
		-0.935935,
		-0.34818,
		-0.052882,
		0,
		0.1435,
		-0.239911,
		-0.96013,
		0,
		0.321611,
		-0.906208,
		0.274505,
		0,
		0.316855,
		0.296873,
		0.114586,
		1
	},
	[0.26666666666666666] = {
		-0.852495,
		-0.509168,
		0.118319,
		0,
		0.226233,
		-0.563424,
		-0.79459,
		0,
		0.471243,
		-0.650616,
		0.595507,
		0,
		0.270746,
		0.320477,
		0.166033,
		1
	},
	[0.2] = {
		-0.952927,
		-0.186973,
		-0.238684,
		0,
		0.210598,
		0.158163,
		-0.964693,
		0,
		0.218123,
		-0.969549,
		-0.111341,
		0,
		0.34989,
		0.271049,
		0.051453,
		1
	},
	[0.3333333333333333] = {
		-0.905408,
		-0.382674,
		0.183838,
		0,
		0.273235,
		-0.856675,
		-0.437551,
		0,
		0.324929,
		-0.345932,
		0.8802,
		0,
		0.204417,
		0.394459,
		0.171006,
		1
	},
	[0.36666666666666664] = {
		-0.940214,
		-0.18865,
		0.283564,
		0,
		0.18101,
		-0.982043,
		-0.053159,
		0,
		0.2885,
		0.001347,
		0.957479,
		0,
		0.165685,
		0.451094,
		0.121582,
		1
	},
	[0.3] = {
		-0.85459,
		-0.511439,
		0.090034,
		0,
		0.317731,
		-0.652089,
		-0.688351,
		0,
		0.41076,
		-0.559651,
		0.719769,
		0,
		0.231673,
		0.358765,
		0.180796,
		1
	},
	[0.43333333333333335] = {
		-0.970363,
		-0.05424,
		0.235485,
		0,
		0.241647,
		-0.223088,
		0.944372,
		0,
		0.001311,
		0.973288,
		0.229584,
		0,
		-0.04202,
		0.673722,
		-0.314843,
		1
	},
	[0.4666666666666667] = {
		-0.950081,
		-0.044974,
		0.308745,
		0,
		0.275142,
		0.345827,
		0.897051,
		0,
		-0.147116,
		0.93722,
		-0.316189,
		0,
		-0.12518,
		0.570945,
		-0.514214,
		1
	},
	[0.4] = {
		-0.962716,
		-0.090991,
		0.254752,
		0,
		0.214323,
		-0.831163,
		0.513063,
		0,
		0.165056,
		0.548533,
		0.819676,
		0,
		0.055292,
		0.577507,
		-0.072711,
		1
	},
	[0.5333333333333333] = {
		-0.842164,
		0.017256,
		0.538945,
		0,
		0.473865,
		0.500637,
		0.72444,
		0,
		-0.257315,
		0.865485,
		-0.429796,
		0,
		-0.181243,
		0.241771,
		-0.622291,
		1
	},
	[0.5666666666666667] = {
		-0.797878,
		0.085578,
		0.596714,
		0,
		0.579591,
		0.381035,
		0.720337,
		0,
		-0.165724,
		0.920591,
		-0.35362,
		0,
		-0.18476,
		0.152735,
		-0.611278,
		1
	},
	[0.5] = {
		-0.900643,
		-0.04074,
		0.432647,
		0,
		0.319337,
		0.613196,
		0.722506,
		0,
		-0.294732,
		0.78888,
		-0.53926,
		0,
		-0.177513,
		0.397687,
		-0.631286,
		1
	},
	[0.6333333333333333] = {
		-0.811034,
		0.157239,
		0.563471,
		0,
		0.576455,
		0.378832,
		0.724007,
		0,
		-0.099618,
		0.91201,
		-0.397887,
		0,
		-0.186968,
		0.152603,
		-0.610639,
		1
	},
	[0.6666666666666666] = {
		-0.827313,
		0.19213,
		0.527863,
		0,
		0.558726,
		0.378684,
		0.737851,
		0,
		-0.05813,
		0.905364,
		-0.420639,
		0,
		-0.187708,
		0.151843,
		-0.610602,
		1
	},
	[0.6] = {
		-0.79958,
		0.120892,
		0.588266,
		0,
		0.584802,
		0.379642,
		0.716853,
		0,
		-0.136668,
		0.917201,
		-0.374252,
		0,
		-0.185938,
		0.152879,
		-0.610885,
		1
	},
	[0.7333333333333333] = {
		-0.858367,
		0.247897,
		0.44917,
		0,
		0.512652,
		0.380542,
		0.76966,
		0,
		0.019868,
		0.890918,
		-0.453729,
		0,
		-0.188153,
		0.149042,
		-0.611155,
		1
	},
	[0.7666666666666667] = {
		-0.867968,
		0.264226,
		0.420494,
		0,
		0.494553,
		0.38273,
		0.780342,
		0,
		0.045251,
		0.885269,
		-0.462872,
		0,
		-0.188289,
		0.147077,
		-0.611589,
		1
	},
	[0.7] = {
		-0.844185,
		0.223133,
		0.487405,
		0,
		0.535798,
		0.379222,
		0.754395,
		0,
		-0.016504,
		0.897999,
		-0.439688,
		0,
		-0.188013,
		0.150644,
		-0.610805,
		1
	},
	[0.8333333333333334] = {
		-0.872417,
		0.270067,
		0.407373,
		0,
		0.485921,
		0.389519,
		0.782403,
		0,
		0.052622,
		0.880533,
		-0.471055,
		0,
		-0.18849,
		0.142226,
		-0.612673,
		1
	},
	[0.8666666666666667] = {
		-0.87307,
		0.270069,
		0.405971,
		0,
		0.484904,
		0.393549,
		0.781016,
		0,
		0.051159,
		0.878739,
		-0.474553,
		0,
		-0.188526,
		0.139424,
		-0.613306,
		1
	},
	[0.8] = {
		-0.87184,
		0.270086,
		0.408594,
		0,
		0.486803,
		0.385815,
		0.78369,
		0,
		0.054022,
		0.882157,
		-0.467847,
		0,
		-0.188406,
		0.144791,
		-0.612098,
		1
	},
	[0.9333333333333333] = {
		-0.874585,
		0.270153,
		0.40264,
		0,
		0.482471,
		0.402326,
		0.778046,
		0,
		0.048199,
		0.874729,
		-0.482209,
		0,
		-0.188397,
		0.133276,
		-0.614711,
		1
	},
	[0.9666666666666667] = {
		-0.875439,
		0.270247,
		0.400716,
		0,
		0.481059,
		0.406945,
		0.776517,
		0,
		0.046782,
		0.872561,
		-0.48626,
		0,
		-0.188201,
		0.130014,
		-0.615469,
		1
	},
	[0.9] = {
		-0.873794,
		0.270096,
		0.404392,
		0,
		0.483754,
		0.397839,
		0.779555,
		0,
		0.049671,
		0.876797,
		-0.478289,
		0,
		-0.1885,
		0.136426,
		-0.613988,
		1
	},
	[1.0333333333333334] = {
		-0.877231,
		0.270079,
		0.396892,
		0,
		0.478034,
		0.41539,
		0.773908,
		0,
		0.044151,
		0.868624,
		-0.4935,
		0,
		-0.18762,
		0.124078,
		-0.61687,
		1
	},
	[1.0666666666666667] = {
		-0.878103,
		0.269691,
		0.395224,
		0,
		0.476541,
		0.418813,
		0.772984,
		0,
		0.042942,
		0.8671,
		-0.49628,
		0,
		-0.187298,
		0.121715,
		-0.617438,
		1
	},
	[1.1333333333333333] = {
		-0.879756,
		0.268405,
		0.392413,
		0,
		0.473683,
		0.424262,
		0.771768,
		0,
		0.04066,
		0.864847,
		-0.500386,
		0,
		-0.186669,
		0.118057,
		-0.618338,
		1
	},
	[1.1666666666666667] = {
		-0.880505,
		0.267599,
		0.391282,
		0,
		0.472379,
		0.426344,
		0.77142,
		0,
		0.039611,
		0.864073,
		-0.501806,
		0,
		-0.186386,
		0.116708,
		-0.61868,
		1
	},
	[1.1] = {
		-0.878947,
		0.269126,
		0.393729,
		0,
		0.475085,
		0.421756,
		0.77228,
		0,
		0.041783,
		0.865848,
		-0.498559,
		0,
		-0.186976,
		0.119719,
		-0.617926,
		1
	},
	[1.2333333333333334] = {
		-0.881728,
		0.266022,
		0.389599,
		0,
		0.470234,
		0.429293,
		0.771095,
		0,
		0.037876,
		0.863099,
		-0.503612,
		0,
		-0.185924,
		0.114868,
		-0.619163,
		1
	},
	[1.2666666666666666] = {
		-0.882156,
		0.265392,
		0.38906,
		0,
		0.469481,
		0.430188,
		0.771055,
		0,
		0.037263,
		0.862847,
		-0.50409,
		0,
		-0.185763,
		0.114334,
		-0.61931,
		1
	},
	[1.2] = {
		-0.88117,
		0.266781,
		0.390342,
		0,
		0.471215,
		0.428016,
		0.771206,
		0,
		0.03867,
		0.863499,
		-0.502866,
		0,
		-0.186134,
		0.115652,
		-0.618954,
		1
	},
	[1.3333333333333333] = {
		-0.882527,
		0.264804,
		0.38862,
		0,
		0.468826,
		0.430888,
		0.771063,
		0,
		0.036729,
		0.862678,
		-0.504417,
		0,
		-0.185624,
		0.113933,
		-0.619426,
		1
	},
	[1.3] = {
		-0.88243,
		0.264963,
		0.388731,
		0,
		0.468997,
		0.430715,
		0.771055,
		0,
		0.036869,
		0.862716,
		-0.504343,
		0,
		-0.18566,
		0.11403,
		-0.619397,
		1
	}
}

return spline_matrices
