local spline_matrices = {
	[0] = {
		-0.725124,
		0.583495,
		0.365689,
		0,
		0.572456,
		0.805941,
		-0.150841,
		0,
		-0.382739,
		0.099963,
		-0.918432,
		0,
		0.038582,
		-0.020091,
		-0.538892,
		1
	},
	{
		-0.760717,
		0.608943,
		0.22472,
		0,
		0.596237,
		0.518733,
		0.612713,
		0,
		0.256538,
		0.600087,
		-0.757683,
		0,
		0.240997,
		-0.09579,
		-0.625795,
		1
	},
	[0.0166666666667] = {
		-0.725124,
		0.583495,
		0.365689,
		0,
		0.572456,
		0.805941,
		-0.150841,
		0,
		-0.382739,
		0.099963,
		-0.918432,
		0,
		0.038582,
		-0.020091,
		-0.538892,
		1
	},
	[0.0333333333333] = {
		-0.755403,
		0.62847,
		0.185447,
		0,
		0.581545,
		0.773426,
		-0.252226,
		0,
		-0.301946,
		-0.082686,
		-0.949732,
		0,
		0.031183,
		-0.024181,
		-0.522953,
		1
	},
	[0.05] = {
		-0.770356,
		0.637177,
		-0.023596,
		0,
		0.602198,
		0.714907,
		-0.355339,
		0,
		-0.209545,
		-0.287947,
		-0.93444,
		0,
		0.009421,
		-0.031574,
		-0.485887,
		1
	},
	[0.0666666666667] = {
		-0.763912,
		0.597302,
		-0.244272,
		0,
		0.635323,
		0.629743,
		-0.446978,
		0,
		-0.113152,
		-0.496644,
		-0.860547,
		0,
		-0.023097,
		-0.040266,
		-0.434435,
		1
	},
	[0.0833333333333] = {
		-0.734522,
		0.508167,
		-0.449715,
		0,
		0.678147,
		0.525891,
		-0.513377,
		0,
		-0.02438,
		-0.68206,
		-0.73089,
		0,
		-0.06267,
		-0.048492,
		-0.375595,
		1
	},
	[0.116666666667] = {
		-0.636478,
		0.260865,
		-0.725841,
		0,
		0.7656,
		0.327824,
		-0.553523,
		0,
		0.093554,
		-0.908009,
		-0.408371,
		0,
		-0.147276,
		-0.058525,
		-0.263628,
		1
	},
	[0.133333333333] = {
		-0.592617,
		0.161705,
		-0.789086,
		0,
		0.79635,
		0.26474,
		-0.543819,
		0,
		0.120965,
		-0.950665,
		-0.285663,
		0,
		-0.184134,
		-0.058501,
		-0.223695,
		1
	},
	[0.15] = {
		-0.56575,
		0.102504,
		-0.818181,
		0,
		0.812462,
		0.238761,
		-0.531883,
		0,
		0.140829,
		-0.965653,
		-0.218359,
		0,
		-0.216971,
		-0.056533,
		-0.196015,
		1
	},
	[0.166666666667] = {
		-0.553446,
		0.074862,
		-0.829514,
		0,
		0.817071,
		0.241957,
		-0.523308,
		0,
		0.161531,
		-0.967395,
		-0.195078,
		0,
		-0.249628,
		-0.054453,
		-0.174515,
		1
	},
	[0.183333333333] = {
		-0.549582,
		0.069884,
		-0.832511,
		0,
		0.815774,
		0.259831,
		-0.516722,
		0,
		0.180202,
		-0.963122,
		-0.199808,
		0,
		-0.282288,
		-0.051554,
		-0.157369,
		1
	},
	[0.1] = {
		-0.68809,
		0.386336,
		-0.614228,
		0,
		0.724164,
		0.419303,
		-0.547514,
		0,
		0.046023,
		-0.821541,
		-0.568289,
		0,
		-0.105414,
		-0.054904,
		-0.316401,
		1
	},
	[0.216666666667] = {
		-0.539626,
		0.130394,
		-0.831746,
		0,
		0.822006,
		0.295123,
		-0.48704,
		0,
		0.18196,
		-0.94652,
		-0.266441,
		0,
		-0.348864,
		-0.040698,
		-0.131799,
		1
	},
	[0.233333333333] = {
		-0.525824,
		0.193579,
		-0.828273,
		0,
		0.838084,
		0.284292,
		-0.46561,
		0,
		0.145339,
		-0.938992,
		-0.311723,
		0,
		-0.383301,
		-0.0312,
		-0.122032,
		1
	},
	[0.25] = {
		-0.482089,
		0.271753,
		-0.832911,
		0,
		0.873999,
		0.215307,
		-0.435624,
		0,
		0.060949,
		-0.937973,
		-0.341309,
		0,
		-0.416606,
		0.011994,
		-0.114367,
		1
	},
	[0.266666666667] = {
		-0.365547,
		0.343692,
		-0.865015,
		0,
		0.925846,
		0.038575,
		-0.375927,
		0,
		-0.095835,
		-0.93829,
		-0.332307,
		0,
		-0.432101,
		0.09685,
		-0.110147,
		1
	},
	[0.283333333333] = {
		-0.202129,
		0.371774,
		-0.906051,
		0,
		0.938456,
		-0.191048,
		-0.28775,
		0,
		-0.280078,
		-0.908452,
		-0.310278,
		0,
		-0.447884,
		0.195912,
		-0.104567,
		1
	},
	[0.2] = {
		-0.547978,
		0.078802,
		-0.832773,
		0,
		0.814104,
		0.279031,
		-0.50929,
		0,
		0.192236,
		-0.957043,
		-0.217056,
		0,
		-0.315161,
		-0.047141,
		-0.142813,
		1
	},
	[0.316666666667] = {
		0.092227,
		0.259662,
		-0.961285,
		0,
		0.686802,
		-0.715591,
		-0.127403,
		0,
		-0.720969,
		-0.648463,
		-0.244334,
		0,
		-0.382896,
		0.42294,
		-0.072727,
		1
	},
	[0.333333333333] = {
		0.160038,
		0.145844,
		-0.976277,
		0,
		0.308881,
		-0.946756,
		-0.0908,
		0,
		-0.937539,
		-0.287023,
		-0.196565,
		0,
		-0.296697,
		0.534084,
		-0.048731,
		1
	},
	[0.35] = {
		0.127526,
		0.014955,
		-0.991722,
		0,
		-0.501487,
		-0.861689,
		-0.07748,
		0,
		-0.855715,
		0.507217,
		-0.102388,
		0,
		-0.07819,
		0.594282,
		-0.036097,
		1
	},
	[0.366666666667] = {
		0.049251,
		0.042456,
		-0.997884,
		0,
		-0.976486,
		-0.207897,
		-0.05704,
		0,
		-0.209879,
		0.977229,
		0.031219,
		0,
		0.184088,
		0.584904,
		-0.029664,
		1
	},
	[0.383333333333] = {
		0.054986,
		0.03577,
		-0.997846,
		0,
		-0.959824,
		0.277298,
		-0.04295,
		0,
		0.275164,
		0.960118,
		0.04958,
		0,
		0.382622,
		0.494546,
		-0.036409,
		1
	},
	[0.3] = {
		-0.034205,
		0.341911,
		-0.93911,
		0,
		0.872697,
		-0.447723,
		-0.194793,
		0,
		-0.487063,
		-0.826221,
		-0.28307,
		0,
		-0.432455,
		0.301142,
		-0.096258,
		1
	},
	[0.416666666667] = {
		0.063121,
		0.016786,
		-0.997865,
		0,
		-0.820867,
		0.569547,
		-0.042344,
		0,
		0.56762,
		0.821787,
		0.049729,
		0,
		0.638134,
		0.301768,
		-0.040881,
		1
	},
	[0.433333333333] = {
		0.06012,
		0.00378,
		-0.998184,
		0,
		-0.749282,
		0.660877,
		-0.042626,
		0,
		0.659516,
		0.750484,
		0.042564,
		0,
		0.685973,
		0.230652,
		-0.039079,
		1
	},
	[0.45] = {
		0.045493,
		0.028807,
		-0.998549,
		0,
		-0.731456,
		0.681752,
		-0.013657,
		0,
		0.680369,
		0.731016,
		0.052086,
		0,
		0.713835,
		0.175427,
		-0.045823,
		1
	},
	[0.466666666667] = {
		0.029872,
		0.068387,
		-0.997212,
		0,
		-0.727285,
		0.685871,
		0.025249,
		0,
		0.685686,
		0.724502,
		0.070225,
		0,
		0.733298,
		0.121428,
		-0.065872,
		1
	},
	[0.483333333333] = {
		0.011839,
		0.118939,
		-0.992831,
		0,
		-0.734064,
		0.675238,
		0.072139,
		0,
		0.678977,
		0.727947,
		0.095303,
		0,
		0.745324,
		0.0689,
		-0.096884,
		1
	},
	[0.4] = {
		0.056345,
		0.037277,
		-0.997715,
		0,
		-0.87237,
		0.487859,
		-0.031038,
		0,
		0.485588,
		0.872126,
		0.060007,
		0,
		0.542175,
		0.383078,
		-0.042801,
		1
	},
	[0.516666666667] = {
		-0.037182,
		0.238146,
		-0.970517,
		0,
		-0.766313,
		0.616547,
		0.180647,
		0,
		0.64139,
		0.750437,
		0.15957,
		0,
		0.750156,
		-0.030713,
		-0.182324,
		1
	},
	[0.533333333333] = {
		-0.069799,
		0.299343,
		-0.951589,
		0,
		-0.784305,
		0.572998,
		0.237778,
		0,
		0.616436,
		0.762933,
		0.194782,
		0,
		0.744215,
		-0.077257,
		-0.232012,
		1
	},
	[0.55] = {
		-0.106894,
		0.359778,
		-0.926895,
		0,
		-0.798606,
		0.524264,
		0.295594,
		0,
		0.592286,
		0.771821,
		0.23128,
		0,
		0.7335,
		-0.120773,
		-0.282444,
		1
	},
	[0.566666666667] = {
		-0.148526,
		0.416129,
		-0.897093,
		0,
		-0.806106,
		0.474526,
		0.353578,
		0,
		0.572829,
		0.775668,
		0.264965,
		0,
		0.718649,
		-0.160274,
		-0.33093,
		1
	},
	[0.583333333333] = {
		-0.198318,
		0.463256,
		-0.86375,
		0,
		-0.800566,
		0.431866,
		0.415434,
		0,
		0.565477,
		0.773877,
		0.28522,
		0,
		0.700137,
		-0.195315,
		-0.376045,
		1
	},
	[0.5] = {
		-0.010129,
		0.176783,
		-0.984198,
		0,
		-0.748333,
		0.651492,
		0.124723,
		0,
		0.663246,
		0.737771,
		0.125693,
		0,
		0.750718,
		0.018099,
		-0.136492,
		1
	},
	[0.616666666667] = {
		-0.334145,
		0.51264,
		-0.790915,
		0,
		-0.721924,
		0.400283,
		0.564445,
		0,
		0.605947,
		0.759588,
		0.236335,
		0,
		0.653768,
		-0.250068,
		-0.450521,
		1
	},
	[0.633333333333] = {
		-0.432539,
		0.507908,
		-0.744942,
		0,
		-0.615477,
		0.43744,
		0.655617,
		0,
		0.658861,
		0.742075,
		0.123396,
		0,
		0.622383,
		-0.265964,
		-0.482444,
		1
	},
	[0.65] = {
		-0.550953,
		0.489957,
		-0.675568,
		0,
		-0.447173,
		0.510167,
		0.734687,
		0,
		0.704618,
		0.706874,
		-0.061983,
		0,
		0.579893,
		-0.270781,
		-0.51671,
		1
	},
	[0.666666666667] = {
		-0.667465,
		0.471376,
		-0.57645,
		0,
		-0.246216,
		0.590882,
		0.768268,
		0,
		0.702757,
		0.654724,
		-0.278333,
		0,
		0.528358,
		-0.266643,
		-0.550986,
		1
	},
	[0.683333333333] = {
		-0.759934,
		0.458946,
		-0.460293,
		0,
		-0.056507,
		0.658815,
		0.75018,
		0,
		0.64754,
		0.596097,
		-0.474722,
		0,
		0.474784,
		-0.25652,
		-0.578603,
		1
	},
	[0.6] = {
		-0.259227,
		0.496602,
		-0.828364,
		0,
		-0.77539,
		0.404344,
		0.485052,
		0,
		0.575822,
		0.768044,
		0.280244,
		0,
		0.678407,
		-0.225407,
		-0.416394,
		1
	},
	[0.716666666667] = {
		-0.855414,
		0.449432,
		-0.257445,
		0,
		0.177625,
		0.721459,
		0.669288,
		0,
		0.486535,
		0.526789,
		-0.696977,
		0,
		0.38891,
		-0.229171,
		-0.602775,
		1
	},
	[0.733333333333] = {
		-0.877849,
		0.447536,
		-0.170566,
		0,
		0.251361,
		0.733657,
		0.63132,
		0,
		0.407676,
		0.51133,
		-0.756533,
		0,
		0.361884,
		-0.212589,
		-0.608239,
		1
	},
	[0.75] = {
		-0.889584,
		0.447489,
		-0.091614,
		0,
		0.309683,
		0.738301,
		0.599172,
		0,
		0.335762,
		0.504643,
		-0.795361,
		0,
		0.343698,
		-0.194495,
		-0.61183,
		1
	},
	[0.766666666667] = {
		-0.892891,
		0.449754,
		-0.0216,
		0,
		0.356828,
		0.736032,
		0.575265,
		0,
		0.274626,
		0.505942,
		-0.817682,
		0,
		0.332668,
		-0.175482,
		-0.614016,
		1
	},
	[0.783333333333] = {
		-0.889802,
		0.45471,
		0.038621,
		0,
		0.396018,
		0.727344,
		0.560482,
		0,
		0.226766,
		0.514012,
		-0.827266,
		0,
		0.327132,
		-0.156137,
		-0.615175,
		1
	},
	[0.7] = {
		-0.819523,
		0.452816,
		-0.351199,
		0,
		0.083353,
		0.700539,
		0.708729,
		0,
		0.566952,
		0.551546,
		-0.611851,
		0,
		0.42647,
		-0.243615,
		-0.594855,
		1
	},
	[0.816666666667] = {
		-0.871582,
		0.473084,
		0.128599,
		0,
		0.458493,
		0.693704,
		0.555481,
		0,
		0.17358,
		0.543109,
		-0.821525,
		0,
		0.325964,
		-0.118836,
		-0.615544,
		1
	},
	[0.833333333333] = {
		-0.859293,
		0.485965,
		0.159541,
		0,
		0.483874,
		0.671255,
		0.561501,
		0,
		0.165777,
		0.559692,
		-0.81195,
		0,
		0.327032,
		-0.102117,
		-0.615186,
		1
	},
	[0.85] = {
		-0.846174,
		0.500492,
		0.183022,
		0,
		0.506155,
		0.647366,
		0.569845,
		0,
		0.166721,
		0.574826,
		-0.801111,
		0,
		0.326957,
		-0.087527,
		-0.614712,
		1
	},
	[0.866666666667] = {
		-0.832792,
		0.515825,
		0.200954,
		0,
		0.525953,
		0.623991,
		0.577935,
		0,
		0.172719,
		0.586992,
		-0.790954,
		0,
		0.324063,
		-0.075693,
		-0.614278,
		1
	},
	[0.883333333333] = {
		-0.819476,
		0.531094,
		0.215404,
		0,
		0.544132,
		0.602983,
		0.583379,
		0,
		0.179944,
		0.595273,
		-0.783115,
		0,
		0.316662,
		-0.067226,
		-0.614046,
		1
	},
	[0.8] = {
		-0.882166,
		0.462525,
		0.088615,
		0,
		0.429463,
		0.712892,
		0.554389,
		0,
		0.193246,
		0.52712,
		-0.827527,
		0,
		0.325442,
		-0.137052,
		-0.615607,
		1
	},
	[0.916666666667] = {
		-0.794482,
		0.55865,
		0.238137,
		0,
		0.576982,
		0.57205,
		0.582967,
		0,
		0.189448,
		0.600557,
		-0.776814,
		0,
		0.287164,
		-0.062127,
		-0.614912,
		1
	},
	[0.933333333333] = {
		-0.784687,
		0.570582,
		0.242287,
		0,
		0.587365,
		0.559422,
		0.58485,
		0,
		0.198164,
		0.601235,
		-0.774111,
		0,
		0.273845,
		-0.064665,
		-0.616273,
		1
	},
	[0.95] = {
		-0.776745,
		0.581417,
		0.242119,
		0,
		0.593812,
		0.547952,
		0.589182,
		0,
		0.209891,
		0.601418,
		-0.770871,
		0,
		0.262826,
		-0.069821,
		-0.618152,
		1
	},
	[0.966666666667] = {
		-0.770338,
		0.591306,
		0.238613,
		0,
		0.597033,
		0.537474,
		0.595545,
		0,
		0.223901,
		0.601231,
		-0.767066,
		0,
		0.253847,
		-0.077075,
		-0.620438,
		1
	},
	[0.983333333333] = {
		-0.765114,
		0.600422,
		0.232581,
		0,
		0.59765,
		0.527799,
		0.603525,
		0,
		0.239614,
		0.600768,
		-0.762669,
		0,
		0.246655,
		-0.085905,
		-0.623022,
		1
	},
	[0.9] = {
		-0.806374,
		0.54551,
		0.228429,
		0,
		0.561822,
		0.585956,
		0.583962,
		0,
		0.184708,
		0.599228,
		-0.778979,
		0,
		0.303056,
		-0.06272,
		-0.614183,
		1
	},
	[1.01666666667] = {
		-0.756798,
		0.617045,
		0.215668,
		0,
		0.593348,
		0.510093,
		0.62269,
		0,
		0.274217,
		0.599217,
		-0.75216,
		0,
		0.236623,
		-0.106208,
		-0.628649,
		1
	},
	[1.03333333333] = {
		-0.753027,
		0.6249,
		0.206034,
		0,
		0.589547,
		0.501713,
		0.633023,
		0,
		0.292206,
		0.598151,
		-0.746211,
		0,
		0.23328,
		-0.116639,
		-0.631479,
		1
	},
	[1.05] = {
		-0.7491,
		0.632668,
		0.19642,
		0,
		0.585424,
		0.493454,
		0.643259,
		0,
		0.310045,
		0.596855,
		-0.740025,
		0,
		0.230711,
		-0.126566,
		-0.634178,
		1
	},
	[1.06666666667] = {
		-0.744738,
		0.640497,
		0.187426,
		0,
		0.581608,
		0.485202,
		0.652926,
		0,
		0.327257,
		0.595267,
		-0.733866,
		0,
		0.228656,
		-0.135471,
		-0.636643,
		1
	},
	[1.08333333333] = {
		-0.739693,
		0.648522,
		0.179648,
		0,
		0.578763,
		0.476874,
		0.661532,
		0,
		0.343349,
		0.593305,
		-0.728081,
		0,
		0.22685,
		-0.142841,
		-0.638769,
		1
	},
	[1.11666666667] = {
		-0.726651,
		0.665642,
		0.170001,
		0,
		0.578752,
		0.459781,
		0.673534,
		0,
		0.370169,
		0.587812,
		-0.719341,
		0,
		0.222921,
		-0.150929,
		-0.641593,
		1
	},
	[1.13333333333] = {
		-0.719035,
		0.67459,
		0.167086,
		0,
		0.580223,
		0.45037,
		0.678607,
		0,
		0.382531,
		0.584889,
		-0.715244,
		0,
		0.221851,
		-0.151358,
		-0.642135,
		1
	},
	[1.1] = {
		-0.733736,
		0.656866,
		0.173662,
		0,
		0.577579,
		0.468413,
		0.668574,
		0,
		0.357818,
		0.59086,
		-0.723084,
		0,
		0.225027,
		-0.148164,
		-0.640453,
		1
	}
}

return spline_matrices
