local spline_matrices = {
	[0] = {
		-0.494421,
		0.636898,
		-0.591531,
		0,
		-0.525223,
		0.323342,
		0.78714,
		0,
		0.692595,
		0.699865,
		0.174647,
		0,
		0.393072,
		-0.471752,
		-0.292576,
		1
	},
	{
		-0.508459,
		0.798529,
		-0.322212,
		0,
		-0.548902,
		-0.01226,
		0.835797,
		0,
		0.663458,
		0.601831,
		0.444548,
		0,
		0.406138,
		-0.115861,
		-0.65954,
		1
	},
	[0.016666666666666666] = {
		-0.493154,
		0.640373,
		-0.588831,
		0,
		-0.52114,
		0.324505,
		0.789373,
		0,
		0.696571,
		0.696146,
		0.173693,
		0,
		0.393304,
		-0.471663,
		-0.292715,
		1
	},
	[0.03333333333333333] = {
		-0.489676,
		0.649656,
		-0.58152,
		0,
		-0.510038,
		0.327505,
		0.795362,
		0,
		0.707163,
		0.686067,
		0.170978,
		0,
		0.393901,
		-0.471416,
		-0.293117,
		1
	},
	[0.05] = {
		-0.484408,
		0.662988,
		-0.570785,
		0,
		-0.493614,
		0.331537,
		0.804008,
		0,
		0.722283,
		0.671216,
		0.166661,
		0,
		0.394712,
		-0.471038,
		-0.293755,
		1
	},
	[0.06666666666666667] = {
		-0.477808,
		0.678619,
		-0.557831,
		0,
		-0.473596,
		0.335828,
		0.814203,
		0,
		0.739869,
		0.653219,
		0.16093,
		0,
		0.395588,
		-0.470555,
		-0.294606,
		1
	},
	[0.08333333333333333] = {
		-0.470466,
		0.694881,
		-0.543877,
		0,
		-0.451778,
		0.339765,
		0.824898,
		0,
		0.757996,
		0.633798,
		0.154085,
		0,
		0.396391,
		-0.470001,
		-0.295647,
		1
	},
	[0.11666666666666667] = {
		-0.456573,
		0.723301,
		-0.518051,
		0,
		-0.410649,
		0.345221,
		0.843913,
		0,
		0.789245,
		0.598046,
		0.139404,
		0,
		0.397406,
		-0.468872,
		-0.298053,
		1
	},
	[0.13333333333333333] = {
		-0.451526,
		0.732821,
		-0.509017,
		0,
		-0.396066,
		0.346584,
		0.850301,
		0,
		0.799535,
		0.585537,
		0.133754,
		0,
		0.39769,
		-0.46842,
		-0.298989,
		1
	},
	[0.15] = {
		-0.449292,
		0.737542,
		-0.504152,
		0,
		-0.388471,
		0.346887,
		0.853674,
		0,
		0.804504,
		0.579398,
		0.13066,
		0,
		0.397927,
		-0.467977,
		-0.299661,
		1
	},
	[0.16666666666666666] = {
		-0.451222,
		0.736118,
		-0.504508,
		0,
		-0.390097,
		0.345761,
		0.853389,
		0,
		0.802635,
		0.581876,
		0.131143,
		0,
		0.398279,
		-0.467354,
		-0.300096,
		1
	},
	[0.18333333333333332] = {
		-0.458272,
		0.727045,
		-0.511265,
		0,
		-0.403057,
		0.342684,
		0.848595,
		0,
		0.792169,
		0.594956,
		0.135998,
		0,
		0.398796,
		-0.466461,
		-0.300271,
		1
	},
	[0.1] = {
		-0.463152,
		0.710237,
		-0.530145,
		0,
		-0.430029,
		0.342951,
		0.83514,
		0,
		0.774961,
		0.614775,
		0.146584,
		0,
		0.396992,
		-0.469421,
		-0.296861,
		1
	},
	[0.21666666666666667] = {
		-0.488819,
		0.677807,
		-0.549212,
		0,
		-0.470707,
		0.325126,
		0.8202,
		0,
		0.7345,
		0.659447,
		0.16012,
		0,
		0.400383,
		-0.463343,
		-0.299694,
		1
	},
	[0.23333333333333334] = {
		-0.510171,
		0.632109,
		-0.583236,
		0,
		-0.528142,
		0.304968,
		0.792503,
		0,
		0.678816,
		0.712343,
		0.178258,
		0,
		0.401362,
		-0.460744,
		-0.298799,
		1
	},
	[0.25] = {
		-0.514974,
		0.550302,
		-0.657244,
		0,
		-0.645222,
		0.25594,
		0.719849,
		0,
		0.564349,
		0.794772,
		0.223265,
		0,
		0.369802,
		-0.31138,
		-0.281613,
		1
	},
	[0.26666666666666666] = {
		-0.53612,
		0.401944,
		-0.742305,
		0,
		-0.757107,
		0.159932,
		0.633411,
		0,
		0.373315,
		0.901589,
		0.218572,
		0,
		0.313207,
		-0.055266,
		-0.254324,
		1
	},
	[0.2833333333333333] = {
		-0.627848,
		0.11166,
		-0.770285,
		0,
		-0.77349,
		0.020755,
		0.633469,
		0,
		0.086721,
		0.99353,
		0.073337,
		0,
		0.256156,
		0.184778,
		-0.233123,
		1
	},
	[0.2] = {
		-0.470923,
		0.708427,
		-0.525703,
		0,
		-0.429357,
		0.336516,
		0.838099,
		0,
		0.770639,
		0.620394,
		0.145695,
		0,
		0.399504,
		-0.465177,
		-0.300153,
		1
	},
	[0.31666666666666665] = {
		-0.300499,
		0.065256,
		-0.951547,
		0,
		-0.942412,
		-0.173905,
		0.285688,
		0,
		-0.146836,
		0.982598,
		0.113756,
		0,
		0.167971,
		0.600572,
		-0.145954,
		1
	},
	[0.3333333333333333] = {
		-0.188545,
		0.070193,
		-0.979553,
		0,
		-0.970159,
		-0.168153,
		0.174687,
		0,
		-0.152453,
		0.983259,
		0.099802,
		0,
		0.141968,
		0.651884,
		-0.081564,
		1
	},
	[0.35] = {
		-0.177396,
		0.093824,
		-0.979657,
		0,
		-0.969182,
		-0.189549,
		0.157346,
		0,
		-0.17093,
		0.977378,
		0.124558,
		0,
		0.146312,
		0.633376,
		-0.088431,
		1
	},
	[0.36666666666666664] = {
		-0.168472,
		0.103455,
		-0.980262,
		0,
		-0.970346,
		-0.192287,
		0.146474,
		0,
		-0.173338,
		0.97587,
		0.132782,
		0,
		0.147026,
		0.632702,
		-0.080327,
		1
	},
	[0.38333333333333336] = {
		-0.164935,
		0.097866,
		-0.981437,
		0,
		-0.97127,
		-0.189194,
		0.14436,
		0,
		-0.171554,
		0.977051,
		0.126259,
		0,
		0.146649,
		0.632119,
		-0.076861,
		1
	},
	[0.3] = {
		-0.490079,
		0.043477,
		-0.870593,
		0,
		-0.869437,
		-0.095961,
		0.484636,
		0,
		-0.062473,
		0.994435,
		0.084829,
		0,
		0.20904,
		0.40854,
		-0.193421,
		1
	},
	[0.4166666666666667] = {
		-0.16014,
		0.084671,
		-0.983456,
		0,
		-0.971689,
		-0.188855,
		0.141965,
		0,
		-0.17371,
		0.978348,
		0.112517,
		0,
		0.143907,
		0.631431,
		-0.073035,
		1
	},
	[0.43333333333333335] = {
		-0.154846,
		0.078375,
		-0.984825,
		0,
		-0.972437,
		-0.18799,
		0.137937,
		0,
		-0.174326,
		0.979039,
		0.105325,
		0,
		0.142522,
		0.631366,
		-0.071046,
		1
	},
	[0.45] = {
		-0.14887,
		0.072015,
		-0.986231,
		0,
		-0.973258,
		-0.187119,
		0.133248,
		0,
		-0.174947,
		0.979694,
		0.097945,
		0,
		0.141329,
		0.631433,
		-0.069388,
		1
	},
	[0.4666666666666667] = {
		-0.143144,
		0.065519,
		-0.987531,
		0,
		-0.973962,
		-0.186569,
		0.128799,
		0,
		-0.175804,
		0.980255,
		0.090519,
		0,
		0.14049,
		0.631588,
		-0.068272,
		1
	},
	[0.48333333333333334] = {
		-0.139168,
		0.059065,
		-0.988506,
		0,
		-0.974305,
		-0.186684,
		0.126014,
		0,
		-0.177095,
		0.980643,
		0.083528,
		0,
		0.140132,
		0.631787,
		-0.067834,
		1
	},
	[0.4] = {
		-0.163812,
		0.090986,
		-0.982287,
		0,
		-0.971236,
		-0.189315,
		0.144433,
		0,
		-0.17282,
		0.977692,
		0.119381,
		0,
		0.14536,
		0.631651,
		-0.075147,
		1
	},
	[0.5166666666666667] = {
		-0.141024,
		0.047471,
		-0.988867,
		0,
		-0.972977,
		-0.191114,
		0.129583,
		0,
		-0.182835,
		0.980419,
		0.07314,
		0,
		0.139924,
		0.632195,
		-0.068772,
		1
	},
	[0.5333333333333333] = {
		-0.148141,
		0.04255,
		-0.98805,
		0,
		-0.97074,
		-0.197178,
		0.137054,
		0,
		-0.18899,
		0.979444,
		0.070516,
		0,
		0.14008,
		0.632398,
		-0.070085,
		1
	},
	[0.55] = {
		-0.160154,
		0.038498,
		-0.986341,
		0,
		-0.967237,
		-0.205529,
		0.14903,
		0,
		-0.196985,
		0.977893,
		0.070153,
		0,
		0.141652,
		0.632427,
		-0.072556,
		1
	},
	[0.5666666666666667] = {
		-0.177665,
		0.035427,
		-0.983453,
		0,
		-0.962155,
		-0.216078,
		0.166034,
		0,
		-0.206621,
		0.975733,
		0.072476,
		0,
		0.145489,
		0.632208,
		-0.07674,
		1
	},
	[0.5833333333333334] = {
		-0.201299,
		0.033373,
		-0.978961,
		0,
		-0.954943,
		-0.229205,
		0.188546,
		0,
		-0.218091,
		0.972806,
		0.078008,
		0,
		0.152136,
		0.631764,
		-0.083135,
		1
	},
	[0.5] = {
		-0.138239,
		0.053021,
		-0.988979,
		0,
		-0.974077,
		-0.187817,
		0.126087,
		0,
		-0.179062,
		0.980772,
		0.07761,
		0,
		0.140077,
		0.631979,
		-0.06807,
		1
	},
	[0.6166666666666667] = {
		-0.287781,
		0.029872,
		-0.95723,
		0,
		-0.925123,
		-0.267132,
		0.269792,
		0,
		-0.247647,
		0.963197,
		0.104511,
		0,
		0.172561,
		0.622131,
		-0.107991,
		1
	},
	[0.6333333333333333] = {
		-0.3469,
		0.026877,
		-0.937517,
		0,
		-0.899995,
		-0.290848,
		0.324678,
		0,
		-0.263948,
		0.956392,
		0.125084,
		0,
		0.185887,
		0.61068,
		-0.126128,
		1
	},
	[0.65] = {
		-0.408771,
		0.022837,
		-0.912351,
		0,
		-0.868749,
		-0.316014,
		0.381326,
		0,
		-0.279608,
		0.94848,
		0.149017,
		0,
		0.201132,
		0.59831,
		-0.145945,
		1
	},
	[0.6666666666666666] = {
		-0.467785,
		0.018377,
		-0.883651,
		0,
		-0.833576,
		-0.341531,
		0.434174,
		0,
		-0.293816,
		0.939691,
		0.175082,
		0,
		0.218516,
		0.586226,
		-0.166199,
		1
	},
	[0.6833333333333333] = {
		-0.519004,
		0.014142,
		-0.854655,
		0,
		-0.798019,
		-0.366272,
		0.47855,
		0,
		-0.306269,
		0.9304,
		0.201382,
		0,
		0.238507,
		0.575533,
		-0.186257,
		1
	},
	[0.6] = {
		-0.237308,
		0.031842,
		-0.970912,
		0,
		-0.943349,
		-0.246145,
		0.222499,
		0,
		-0.2319,
		0.96871,
		0.08845,
		0,
		0.16114,
		0.630942,
		-0.09297,
		1
	},
	[0.7166666666666667] = {
		-0.580024,
		0.010231,
		-0.814535,
		0,
		-0.7454,
		-0.409973,
		0.525643,
		0,
		-0.32856,
		0.91204,
		0.24542,
		0,
		0.290852,
		0.561856,
		-0.224634,
		1
	},
	[0.7333333333333333] = {
		-0.571648,
		0.002012,
		-0.820497,
		0,
		-0.737375,
		-0.439842,
		0.512657,
		0,
		-0.359858,
		0.898073,
		0.252919,
		0,
		0.338185,
		0.520996,
		-0.245792,
		1
	},
	[0.75] = {
		-0.535213,
		-0.01201,
		-0.844632,
		0,
		-0.738201,
		-0.479401,
		0.474588,
		0,
		-0.410617,
		0.877514,
		0.247716,
		0,
		0.405981,
		0.460604,
		-0.268717,
		1
	},
	[0.7666666666666667] = {
		-0.493552,
		-0.014885,
		-0.869589,
		0,
		-0.743215,
		-0.512076,
		0.430592,
		0,
		-0.451705,
		0.858811,
		0.241674,
		0,
		0.47703,
		0.387738,
		-0.295856,
		1
	},
	[0.7833333333333333] = {
		-0.471869,
		0.006281,
		-0.881646,
		0,
		-0.75363,
		-0.521856,
		0.399635,
		0,
		-0.457582,
		0.85301,
		0.250981,
		0,
		0.534267,
		0.309427,
		-0.329407,
		1
	},
	[0.7] = {
		-0.5578,
		0.010933,
		-0.829903,
		0,
		-0.766849,
		-0.389289,
		0.510291,
		0,
		-0.317493,
		0.921051,
		0.225529,
		0,
		0.262034,
		0.56718,
		-0.205813,
		1
	},
	[0.8166666666666667] = {
		-0.570441,
		0.201885,
		-0.79614,
		0,
		-0.792097,
		-0.391563,
		0.468252,
		0,
		-0.217206,
		0.897731,
		0.383276,
		0,
		0.541465,
		0.138447,
		-0.441007,
		1
	},
	[0.8333333333333334] = {
		-0.631884,
		0.414442,
		-0.654951,
		0,
		-0.770005,
		-0.239293,
		0.591465,
		0,
		0.088403,
		0.878053,
		0.470328,
		0,
		0.490907,
		0.026484,
		-0.534274,
		1
	},
	[0.85] = {
		-0.613247,
		0.618778,
		-0.49096,
		0,
		-0.685966,
		-0.109021,
		0.71942,
		0,
		0.391637,
		0.777964,
		0.491317,
		0,
		0.436172,
		-0.068175,
		-0.617833,
		1
	},
	[0.8666666666666667] = {
		-0.556523,
		0.739055,
		-0.379578,
		0,
		-0.601605,
		-0.043367,
		0.797615,
		0,
		0.573021,
		0.672248,
		0.468754,
		0,
		0.409406,
		-0.109521,
		-0.655845,
		1
	},
	[0.8833333333333333] = {
		-0.515557,
		0.792719,
		-0.325265,
		0,
		-0.553394,
		-0.01823,
		0.83272,
		0,
		0.654183,
		0.609315,
		0.448085,
		0,
		0.408315,
		-0.112186,
		-0.658689,
		1
	},
	[0.8] = {
		-0.49367,
		0.064806,
		-0.867231,
		0,
		-0.771791,
		-0.492225,
		0.402558,
		0,
		-0.400785,
		0.868052,
		0.293013,
		0,
		0.560652,
		0.232491,
		-0.37152,
		1
	},
	[0.9166666666666666] = {
		-0.46786,
		0.840381,
		-0.273617,
		0,
		-0.50229,
		0.001898,
		0.864697,
		0,
		0.727195,
		0.541992,
		0.421227,
		0,
		0.406541,
		-0.11504,
		-0.661605,
		1
	},
	[0.9333333333333333] = {
		-0.461974,
		0.845322,
		-0.26835,
		0,
		-0.496539,
		0.004188,
		0.868004,
		0,
		0.734867,
		0.534241,
		0.4178,
		0,
		0.406089,
		-0.115713,
		-0.661992,
		1
	},
	[0.95] = {
		-0.465737,
		0.841821,
		-0.272813,
		0,
		-0.500905,
		0.00336,
		0.865496,
		0,
		0.729509,
		0.539747,
		0.420107,
		0,
		0.405903,
		-0.116026,
		-0.661859,
		1
	},
	[0.9666666666666667] = {
		-0.476574,
		0.831748,
		-0.284731,
		0,
		-0.512835,
		4.1e-05,
		0.858487,
		0,
		0.714057,
		0.555153,
		0.42653,
		0,
		0.405907,
		-0.116088,
		-0.661328,
		1
	},
	[0.9833333333333333] = {
		-0.49172,
		0.816723,
		-0.301951,
		0,
		-0.529711,
		-0.005345,
		0.848162,
		0,
		0.691099,
		0.577005,
		0.435255,
		0,
		0.406013,
		-0.115997,
		-0.660515,
		1
	},
	[0.9] = {
		-0.485437,
		0.824277,
		-0.291409,
		0,
		-0.52057,
		-0.004729,
		0.853806,
		0,
		0.702394,
		0.566168,
		0.43139,
		0,
		0.407297,
		-0.11392,
		-0.660556,
		1
	},
	[1.0166666666666666] = {
		-0.52433,
		0.779367,
		-0.343024,
		0,
		-0.567838,
		-0.019835,
		0.822902,
		0,
		0.634538,
		0.626254,
		0.452954,
		0,
		0.406217,
		-0.115802,
		-0.658532,
		1
	},
	[1.0333333333333334] = {
		-0.537269,
		0.761931,
		-0.361667,
		0,
		-0.58409,
		-0.026791,
		0.811247,
		0,
		0.608425,
		0.647104,
		0.45943,
		0,
		0.406211,
		-0.115964,
		-0.657622,
		1
	},
	[1.05] = {
		-0.545613,
		0.749322,
		-0.375263,
		0,
		-0.59541,
		-0.031496,
		0.802804,
		0,
		0.58974,
		0.661456,
		0.463339,
		0,
		0.406105,
		-0.116503,
		-0.656944,
		1
	},
	[1.0666666666666667] = {
		-0.547895,
		0.744793,
		-0.380914,
		0,
		-0.599655,
		-0.032177,
		0.799611,
		0,
		0.583288,
		0.66652,
		0.464248,
		0,
		0.405894,
		-0.117582,
		-0.656631,
		1
	},
	[1.0833333333333333] = {
		-0.546597,
		0.745357,
		-0.381673,
		0,
		-0.599648,
		-0.030248,
		0.799692,
		0,
		0.584512,
		0.665979,
		0.463485,
		0,
		0.405632,
		-0.119012,
		-0.656536,
		1
	},
	[1.1166666666666667] = {
		-0.543856,
		0.746521,
		-0.38331,
		0,
		-0.599687,
		-0.026215,
		0.799805,
		0,
		0.587023,
		0.664845,
		0.461936,
		0,
		0.40513,
		-0.121999,
		-0.656298,
		1
	},
	[1.1333333333333333] = {
		-0.5425,
		0.747045,
		-0.38421,
		0,
		-0.599792,
		-0.024229,
		0.799789,
		0,
		0.588169,
		0.664331,
		0.461217,
		0,
		0.404962,
		-0.123473,
		-0.656126,
		1
	},
	[1.15] = {
		-0.541264,
		0.747437,
		-0.38519,
		0,
		-0.600011,
		-0.022392,
		0.799678,
		0,
		0.589084,
		0.663955,
		0.46059,
		0,
		0.404921,
		-0.124847,
		-0.655891,
		1
	},
	[1.1666666666666667] = {
		-0.540168,
		0.747703,
		-0.386211,
		0,
		-0.600303,
		-0.020714,
		0.799504,
		0,
		0.589792,
		0.66371,
		0.460037,
		0,
		0.404975,
		-0.12611,
		-0.655616,
		1
	},
	[1.1833333333333333] = {
		-0.539231,
		0.747784,
		-0.387361,
		0,
		-0.60063,
		-0.019071,
		0.7993,
		0,
		0.590316,
		0.663668,
		0.459425,
		0,
		0.405092,
		-0.127365,
		-0.655301,
		1
	},
	[1.1] = {
		-0.545249,
		0.745934,
		-0.382475,
		0,
		-0.599658,
		-0.028254,
		0.799757,
		0,
		0.585759,
		0.665421,
		0.462711,
		0,
		0.405377,
		-0.120488,
		-0.656424,
		1
	},
	[1.2166666666666666] = {
		-0.537904,
		0.747489,
		-0.389769,
		0,
		-0.601232,
		-0.016071,
		0.798913,
		0,
		0.590915,
		0.66408,
		0.458058,
		0,
		0.405385,
		-0.129701,
		-0.654661,
		1
	},
	[1.2333333333333334] = {
		-0.537551,
		0.747302,
		-0.390613,
		0,
		-0.601428,
		-0.015098,
		0.798784,
		0,
		0.591036,
		0.664313,
		0.457564,
		0,
		0.405496,
		-0.130468,
		-0.65444,
		1
	},
	[1.25] = {
		-0.537429,
		0.747219,
		-0.39094,
		0,
		-0.601502,
		-0.014731,
		0.798735,
		0,
		0.591071,
		0.664415,
		0.457371,
		0,
		0.40554,
		-0.130759,
		-0.654354,
		1
	},
	[1.2] = {
		-0.53847,
		0.747681,
		-0.388617,
		0,
		-0.600953,
		-0.017459,
		0.799094,
		0,
		0.590683,
		0.663828,
		0.458722,
		0,
		0.405239,
		-0.128615,
		-0.654966,
		1
	}
}

return spline_matrices
