local spline_matrices = {
	[0] = {
		-0.947322,
		-0.311468,
		0.074625,
		0,
		-0.029461,
		0.316749,
		0.948052,
		0,
		-0.318925,
		0.895912,
		-0.309239,
		0,
		0.350109,
		-0.017418,
		-0.658565,
		1
	},
	{
		-0.984915,
		-0.123922,
		-0.120775,
		0,
		-0.014636,
		-0.635796,
		0.771718,
		0,
		-0.172421,
		0.761844,
		0.624391,
		0,
		0.310815,
		0.269738,
		-0.488637,
		1
	},
	[0.0166666666667] = {
		-0.947322,
		-0.311468,
		0.074625,
		0,
		-0.029461,
		0.316749,
		0.948052,
		0,
		-0.318925,
		0.895912,
		-0.309239,
		0,
		0.350109,
		-0.017418,
		-0.658565,
		1
	},
	[0.0333333333333] = {
		-0.947322,
		-0.311468,
		0.074625,
		0,
		-0.029461,
		0.316749,
		0.948052,
		0,
		-0.318925,
		0.895912,
		-0.309239,
		0,
		0.350109,
		-0.017418,
		-0.658565,
		1
	},
	[0.05] = {
		-0.947322,
		-0.311468,
		0.074625,
		0,
		-0.029461,
		0.316749,
		0.948052,
		0,
		-0.318925,
		0.895912,
		-0.309239,
		0,
		0.350109,
		-0.017418,
		-0.658565,
		1
	},
	[0.0666666666667] = {
		-0.947322,
		-0.311468,
		0.074625,
		0,
		-0.029461,
		0.316749,
		0.948052,
		0,
		-0.318925,
		0.895912,
		-0.309239,
		0,
		0.350109,
		-0.017418,
		-0.658565,
		1
	},
	[0.0833333333333] = {
		-0.947322,
		-0.311468,
		0.074625,
		0,
		-0.029461,
		0.316749,
		0.948052,
		0,
		-0.318925,
		0.895912,
		-0.309239,
		0,
		0.350109,
		-0.017418,
		-0.658565,
		1
	},
	[0.116666666667] = {
		-0.947201,
		-0.311593,
		0.075634,
		0,
		-0.029375,
		0.31922,
		0.947225,
		0,
		-0.319292,
		0.894991,
		-0.311518,
		0,
		0.350116,
		-0.017564,
		-0.658425,
		1
	},
	[0.133333333333] = {
		-0.947058,
		-0.311736,
		0.076826,
		0,
		-0.029275,
		0.322135,
		0.946241,
		0,
		-0.319726,
		0.893896,
		-0.314206,
		0,
		0.350124,
		-0.017737,
		-0.658259,
		1
	},
	[0.15] = {
		-0.946866,
		-0.311922,
		0.078415,
		0,
		-0.029144,
		0.326014,
		0.944915,
		0,
		-0.320304,
		0.892423,
		-0.317783,
		0,
		0.350134,
		-0.017967,
		-0.658038,
		1
	},
	[0.166666666667] = {
		-0.946632,
		-0.312139,
		0.080355,
		0,
		-0.028987,
		0.33074,
		0.943277,
		0,
		-0.32101,
		0.890607,
		-0.322137,
		0,
		0.350148,
		-0.018246,
		-0.657766,
		1
	},
	[0.183333333333] = {
		-0.94636,
		-0.312378,
		0.082599,
		0,
		-0.02881,
		0.336194,
		0.941352,
		0,
		-0.321827,
		0.888478,
		-0.327161,
		0,
		0.350164,
		-0.018567,
		-0.65745,
		1
	},
	[0.1] = {
		-0.947291,
		-0.3115,
		0.074885,
		0,
		-0.029439,
		0.317386,
		0.947839,
		0,
		-0.31902,
		0.895675,
		-0.309827,
		0,
		0.350111,
		-0.017455,
		-0.658529,
		1
	},
	[0.216666666667] = {
		-0.945724,
		-0.312881,
		0.087814,
		0,
		-0.028419,
		0.348815,
		0.936761,
		0,
		-0.323726,
		0.883422,
		-0.338774,
		0,
		0.350202,
		-0.019304,
		-0.65671,
		1
	},
	[0.233333333333] = {
		-0.945371,
		-0.313129,
		0.090692,
		0,
		-0.028215,
		0.355747,
		0.934156,
		0,
		-0.324774,
		0.880565,
		-0.345148,
		0,
		0.350224,
		-0.019706,
		-0.656298,
		1
	},
	[0.25] = {
		-0.945001,
		-0.313363,
		0.093689,
		0,
		-0.028012,
		0.362941,
		0.931391,
		0,
		-0.325867,
		0.877541,
		-0.351757,
		0,
		0.350247,
		-0.020122,
		-0.655866,
		1
	},
	[0.266666666667] = {
		-0.94462,
		-0.313578,
		0.096758,
		0,
		-0.027813,
		0.370282,
		0.928503,
		0,
		-0.326985,
		0.874391,
		-0.358497,
		0,
		0.350272,
		-0.020544,
		-0.65542,
		1
	},
	[0.283333333333] = {
		-0.944234,
		-0.31377,
		0.099853,
		0,
		-0.027621,
		0.37766,
		0.925532,
		0,
		-0.328114,
		0.871161,
		-0.365266,
		0,
		0.350298,
		-0.020965,
		-0.654968,
		1
	},
	[0.2] = {
		-0.946056,
		-0.312628,
		0.085101,
		0,
		-0.028619,
		0.342258,
		0.93917,
		0,
		-0.322738,
		0.886072,
		-0.332743,
		0,
		0.350182,
		-0.018922,
		-0.657097,
		1
	},
	[0.316666666667] = {
		-0.94347,
		-0.314073,
		0.105939,
		0,
		-0.027273,
		0.392089,
		0.919523,
		0,
		-0.330335,
		0.864653,
		-0.378489,
		0,
		0.35035,
		-0.021783,
		-0.654068,
		1
	},
	[0.333333333333] = {
		-0.943103,
		-0.314184,
		0.108839,
		0,
		-0.02712,
		0.398928,
		0.916581,
		0,
		-0.331394,
		0.861478,
		-0.384751,
		0,
		0.350376,
		-0.022167,
		-0.653636,
		1
	},
	[0.35] = {
		-0.942754,
		-0.314268,
		0.111584,
		0,
		-0.026983,
		0.40538,
		0.91375,
		0,
		-0.332396,
		0.85843,
		-0.390653,
		0,
		0.350402,
		-0.022528,
		-0.653223,
		1
	},
	[0.366666666667] = {
		-0.942429,
		-0.314329,
		0.114129,
		0,
		-0.026862,
		0.411342,
		0.911085,
		0,
		-0.333326,
		0.855567,
		-0.396105,
		0,
		0.350426,
		-0.02286,
		-0.652839,
		1
	},
	[0.383333333333] = {
		-0.942134,
		-0.314369,
		0.116429,
		0,
		-0.026759,
		0.416717,
		0.908642,
		0,
		-0.334167,
		0.852947,
		-0.401016,
		0,
		0.350448,
		-0.023158,
		-0.65249,
		1
	},
	[0.3] = {
		-0.943849,
		-0.313935,
		0.102928,
		0,
		-0.027441,
		0.384964,
		0.922523,
		0,
		-0.329236,
		0.867898,
		-0.371963,
		0,
		0.350324,
		-0.02138,
		-0.654515,
		1
	},
	[0.416666666667] = {
		-0.941659,
		-0.314404,
		0.120121,
		0,
		-0.026604,
		0.425312,
		0.904656,
		0,
		-0.335516,
		0.848681,
		-0.408863,
		0,
		0.350484,
		-0.023631,
		-0.651926,
		1
	},
	[0.433333333333] = {
		-0.94149,
		-0.314408,
		0.121424,
		0,
		-0.026553,
		0.428338,
		0.903229,
		0,
		-0.335993,
		0.847157,
		-0.411624,
		0,
		0.350497,
		-0.023797,
		-0.651725,
		1
	},
	[0.45] = {
		-0.941376,
		-0.314408,
		0.122307,
		0,
		-0.026519,
		0.430385,
		0.902256,
		0,
		-0.336316,
		0.846118,
		-0.413492,
		0,
		0.350506,
		-0.023909,
		-0.651589,
		1
	},
	[0.466666666667] = {
		-0.941321,
		-0.314408,
		0.122726,
		0,
		-0.026503,
		0.431356,
		0.901793,
		0,
		-0.336469,
		0.845624,
		-0.414377,
		0,
		0.35051,
		-0.023962,
		-0.651525,
		1
	},
	[0.483333333333] = {
		-0.941333,
		-0.314408,
		0.122636,
		0,
		-0.026507,
		0.431148,
		0.901892,
		0,
		-0.336436,
		0.84573,
		-0.414188,
		0,
		0.350509,
		-0.023951,
		-0.651539,
		1
	},
	[0.4] = {
		-0.941875,
		-0.314393,
		0.118441,
		0,
		-0.026673,
		0.421406,
		0.90648,
		0,
		-0.334902,
		0.850632,
		-0.405298,
		0,
		0.350467,
		-0.023416,
		-0.652183,
		1
	},
	[0.516666666667] = {
		-0.941577,
		-0.314407,
		0.12075,
		0,
		-0.026579,
		0.426774,
		0.903968,
		0,
		-0.335746,
		0.847946,
		-0.410197,
		0,
		0.35049,
		-0.023711,
		-0.651829,
		1
	},
	[0.533333333333] = {
		-0.941821,
		-0.314396,
		0.118861,
		0,
		-0.026656,
		0.422384,
		0.906025,
		0,
		-0.335056,
		0.850145,
		-0.40619,
		0,
		0.350471,
		-0.02347,
		-0.652119,
		1
	},
	[0.55] = {
		-0.942153,
		-0.314367,
		0.116279,
		0,
		-0.026766,
		0.416367,
		0.908803,
		0,
		-0.334112,
		0.853119,
		-0.400695,
		0,
		0.350446,
		-0.023138,
		-0.652513,
		1
	},
	[0.566666666667] = {
		-0.942579,
		-0.314303,
		0.112955,
		0,
		-0.026917,
		0.408594,
		0.912319,
		0,
		-0.332897,
		0.856893,
		-0.393592,
		0,
		0.350414,
		-0.022707,
		-0.653017,
		1
	},
	[0.583333333333] = {
		-0.943103,
		-0.314184,
		0.108839,
		0,
		-0.02712,
		0.398928,
		0.916581,
		0,
		-0.331394,
		0.861478,
		-0.384751,
		0,
		0.350376,
		-0.022167,
		-0.653636,
		1
	},
	[0.5] = {
		-0.941417,
		-0.314408,
		0.121993,
		0,
		-0.026531,
		0.429657,
		0.902602,
		0,
		-0.336201,
		0.846488,
		-0.412828,
		0,
		0.350502,
		-0.023869,
		-0.651638,
		1
	},
	[0.616666666667] = {
		-0.944461,
		-0.31366,
		0.098033,
		0,
		-0.027733,
		0.373324,
		0.927286,
		0,
		-0.32745,
		0.873067,
		-0.361289,
		0,
		0.350283,
		-0.020718,
		-0.655234,
		1
	},
	[0.633333333333] = {
		-0.945303,
		-0.313173,
		0.09124,
		0,
		-0.028178,
		0.357064,
		0.933655,
		0,
		-0.324974,
		0.880016,
		-0.346358,
		0,
		0.350228,
		-0.019783,
		-0.656219,
		1
	},
	[0.65] = {
		-0.946256,
		-0.312465,
		0.083454,
		0,
		-0.028744,
		0.338267,
		0.940611,
		0,
		-0.322138,
		0.88766,
		-0.329069,
		0,
		0.35017,
		-0.018688,
		-0.65733,
		1
	},
	[0.666666666667] = {
		-0.947322,
		-0.311468,
		0.074625,
		0,
		-0.029461,
		0.316749,
		0.948052,
		0,
		-0.318925,
		0.895912,
		-0.309239,
		0,
		0.350109,
		-0.017418,
		-0.658565,
		1
	},
	[0.683333333333] = {
		-0.948587,
		-0.310154,
		0.063151,
		0,
		-0.031304,
		0.290471,
		0.956372,
		0,
		-0.314966,
		0.905224,
		-0.285246,
		0,
		0.349928,
		-0.014701,
		-0.65899,
		1
	},
	[0.6] = {
		-0.943729,
		-0.313982,
		0.103882,
		0,
		-0.027387,
		0.387224,
		0.921579,
		0,
		-0.329584,
		0.866876,
		-0.374033,
		0,
		0.350332,
		-0.021508,
		-0.654374,
		1
	},
	[0.716666666667] = {
		-0.951686,
		-0.305657,
		0.029471,
		0,
		-0.040333,
		0.219565,
		0.974764,
		0,
		-0.304414,
		0.92648,
		-0.221285,
		0,
		0.348906,
		-0.00183,
		-0.654979,
		1
	},
	[0.733333333333] = {
		-0.953324,
		-0.301825,
		0.008611,
		0,
		-0.04689,
		0.176155,
		0.983245,
		0,
		-0.298285,
		0.936948,
		-0.182086,
		0,
		0.348098,
		0.007865,
		-0.650776,
		1
	},
	[0.75] = {
		-0.954909,
		-0.296569,
		-0.013972,
		0,
		-0.054357,
		0.128371,
		0.990235,
		0,
		-0.29188,
		0.946344,
		-0.138703,
		0,
		0.347114,
		0.019421,
		-0.645266,
		1
	},
	[0.766666666667] = {
		-0.956381,
		-0.289702,
		-0.037522,
		0,
		-0.062365,
		0.077004,
		0.995078,
		0,
		-0.285387,
		0.954014,
		-0.091712,
		0,
		0.345966,
		0.032592,
		-0.638569,
		1
	},
	[0.783333333333] = {
		-0.957711,
		-0.281135,
		-0.061269,
		0,
		-0.070523,
		0.022911,
		0.997247,
		0,
		-0.278957,
		0.959395,
		-0.041768,
		0,
		0.344661,
		0.047125,
		-0.630814,
		1
	},
	[0.7] = {
		-0.950074,
		-0.308328,
		0.047881,
		0,
		-0.035031,
		0.257884,
		0.965541,
		0,
		-0.310051,
		0.915658,
		-0.25581,
		0,
		0.349521,
		-0.00943,
		-0.657756,
		1
	},
	[0.816666666667] = {
		-0.959987,
		-0.259083,
		-0.106305,
		0,
		-0.085631,
		-0.089849,
		0.992267,
		0,
		-0.266631,
		0.961667,
		0.064068,
		0,
		0.341609,
		0.079237,
		-0.61269,
		1
	},
	[0.833333333333] = {
		-0.961033,
		-0.245971,
		-0.126147,
		0,
		-0.091731,
		-0.146717,
		0.984916,
		0,
		-0.260769,
		0.958109,
		0.118436,
		0,
		0.339864,
		0.096282,
		-0.60263,
		1
	},
	[0.85] = {
		-0.962127,
		-0.231884,
		-0.143324,
		0,
		-0.096292,
		-0.202778,
		0.974479,
		0,
		-0.255029,
		0.951373,
		0.17277,
		0,
		0.337973,
		0.113627,
		-0.592134,
		1
	},
	[0.866666666667] = {
		-0.963368,
		-0.217239,
		-0.157256,
		0,
		-0.098895,
		-0.257282,
		0.961263,
		0,
		-0.249283,
		0.941602,
		0.226373,
		0,
		0.335933,
		0.131004,
		-0.581387,
		1
	},
	[0.883333333333] = {
		-0.964861,
		-0.202512,
		-0.167429,
		0,
		-0.099128,
		-0.309574,
		0.945694,
		0,
		-0.243346,
		0.92906,
		0.278621,
		0,
		0.333741,
		0.148147,
		-0.570588,
		1
	},
	[0.8] = {
		-0.958901,
		-0.270884,
		-0.084445,
		0,
		-0.07842,
		-0.03301,
		0.996374,
		0,
		-0.27269,
		0.962046,
		0.010411,
		0,
		0.343208,
		0.062762,
		-0.622138,
		1
	},
	[0.916666666667] = {
		-0.968955,
		-0.174911,
		-0.174735,
		0,
		-0.090836,
		-0.405463,
		0.909587,
		0,
		-0.229945,
		0.897221,
		0.376987,
		0,
		0.328873,
		0.180693,
		-0.549666,
		1
	},
	[0.933333333333] = {
		-0.971685,
		-0.162615,
		-0.171422,
		0,
		-0.081353,
		-0.450889,
		0.888865,
		0,
		-0.221835,
		0.877642,
		0.424892,
		0,
		0.326025,
		0.19675,
		-0.539144,
		1
	},
	[0.95] = {
		-0.974821,
		-0.151159,
		-0.163937,
		0,
		-0.068308,
		-0.49741,
		0.864822,
		0,
		-0.212269,
		0.854245,
		0.474561,
		0,
		0.32273,
		0.213906,
		-0.527678,
		1
	},
	[0.966666666667] = {
		-0.978197,
		-0.140765,
		-0.152695,
		0,
		-0.052377,
		-0.544265,
		0.837277,
		0,
		-0.200966,
		0.827019,
		0.525026,
		0,
		0.319051,
		0.231941,
		-0.515366,
		1
	},
	[0.983333333333] = {
		-0.981625,
		-0.131635,
		-0.138145,
		0,
		-0.03425,
		-0.590659,
		0.806194,
		0,
		-0.18772,
		0.796112,
		0.575297,
		0,
		0.315055,
		0.250629,
		-0.502313,
		1
	},
	[0.9] = {
		-0.966699,
		-0.188222,
		-0.173391,
		0,
		-0.09658,
		-0.359112,
		0.928284,
		0,
		-0.23699,
		0.914118,
		0.328975,
		0,
		0.33139,
		0.164795,
		-0.559943,
		1
	},
	[1.01666666667] = {
		-0.987886,
		-0.117719,
		-0.101111,
		0,
		0.005757,
		-0.678921,
		0.734189,
		0,
		-0.155074,
		0.724713,
		0.671374,
		0,
		0.306408,
		0.289029,
		-0.474474,
		1
	},
	[1.03333333333] = {
		-0.990388,
		-0.113034,
		-0.079713,
		0,
		0.02623,
		-0.71935,
		0.694152,
		0,
		-0.135804,
		0.685389,
		0.715401,
		0,
		0.301915,
		0.308264,
		-0.459976,
		1
	},
	[1.05] = {
		-0.992311,
		-0.109786,
		-0.057154,
		0,
		0.046126,
		-0.756519,
		0.652343,
		0,
		-0.114856,
		0.644691,
		0.755766,
		0,
		0.297416,
		0.327209,
		-0.445315,
		1
	},
	[1.06666666667] = {
		-0.993591,
		-0.1078,
		-0.034009,
		0,
		0.064844,
		-0.790003,
		0.609664,
		0,
		-0.092589,
		0.603551,
		0.79193,
		0,
		0.292995,
		0.345634,
		-0.430682,
		1
	},
	[1.08333333333] = {
		-0.994221,
		-0.106803,
		-0.010832,
		0,
		0.081859,
		-0.819542,
		0.567142,
		0,
		-0.06945,
		0.562978,
		0.823548,
		0,
		0.288732,
		0.363317,
		-0.416283,
		1
	},
	[1.11666666667] = {
		-0.993769,
		-0.106282,
		0.033586,
		0,
		0.109134,
		-0.866525,
		0.487057,
		0,
		-0.022662,
		0.487687,
		0.872724,
		0,
		0.280978,
		0.395628,
		-0.389078,
		1
	},
	[1.13333333333] = {
		-0.992919,
		-0.105848,
		0.05393,
		0,
		0.118795,
		-0.884181,
		0.451787,
		0,
		-0.000137,
		0.454995,
		0.890494,
		0,
		0.277624,
		0.409866,
		-0.376736,
		1
	},
	[1.15] = {
		-0.991736,
		-0.104998,
		0.073726,
		0,
		0.126423,
		-0.897642,
		0.422203,
		0,
		0.021849,
		0.428035,
		0.903498,
		0,
		0.274581,
		0.422659,
		-0.36546,
		1
	},
	[1.16666666667] = {
		-0.990131,
		-0.103931,
		0.09401,
		0,
		0.133098,
		-0.907392,
		0.398654,
		0,
		0.043872,
		0.407233,
		0.91227,
		0,
		0.271756,
		0.433974,
		-0.35535,
		1
	},
	[1.18333333333] = {
		-0.988081,
		-0.10269,
		0.114674,
		0,
		0.139106,
		-0.914666,
		0.379521,
		0,
		0.065916,
		0.390949,
		0.918049,
		0,
		0.269169,
		0.44371,
		-0.346554,
		1
	},
	[1.1] = {
		-0.994249,
		-0.106439,
		0.011857,
		0,
		0.096737,
		-0.845033,
		0.525891,
		0,
		-0.045956,
		0.524013,
		0.85047,
		0,
		0.284703,
		0.380049,
		-0.402339,
		1
	},
	[1.21666666667] = {
		-0.982569,
		-0.1002,
		0.156585,
		0,
		0.149793,
		-0.925575,
		0.347668,
		0,
		0.110095,
		0.365063,
		0.92445,
		0,
		0.264807,
		0.457982,
		-0.333432,
		1
	},
	[1.23333333333] = {
		-0.979091,
		-0.099399,
		0.177486,
		0,
		0.154571,
		-0.93073,
		0.331437,
		0,
		0.132247,
		0.351941,
		0.926633,
		0,
		0.263102,
		0.462262,
		-0.329351,
		1
	},
	[1.25] = {
		-0.975143,
		-0.099323,
		0.198068,
		0,
		0.158886,
		-0.936495,
		0.312621,
		0,
		0.154439,
		0.33632,
		0.928998,
		0,
		0.261773,
		0.464453,
		-0.327074,
		1
	},
	[1.2] = {
		-0.985565,
		-0.101384,
		0.135585,
		0,
		0.144639,
		-0.920453,
		0.363105,
		0,
		0.087987,
		0.377475,
		0.92183,
		0,
		0.266842,
		0.451754,
		-0.339206,
		1
	}
}

return spline_matrices
