local spline_matrices = {
	[0] = {
		-0.998651,
		-0.025696,
		-0.04511,
		0,
		0.050475,
		-0.683812,
		-0.727911,
		0,
		-0.012143,
		-0.729206,
		0.684186,
		0,
		0.327232,
		0.218813,
		0.164465,
		1
	},
	{
		-0.883097,
		-0.00316,
		0.469179,
		0,
		0.449315,
		0.282265,
		0.84761,
		0,
		-0.135111,
		0.959331,
		-0.247847,
		0,
		0.029424,
		-0.074274,
		-0.733758,
		1
	},
	[0.0166666666667] = {
		-0.995585,
		-0.034053,
		0.087475,
		0,
		-0.039883,
		-0.690132,
		-0.722584,
		0,
		0.084975,
		-0.722882,
		0.685726,
		0,
		0.339532,
		0.237228,
		0.168696,
		1
	},
	[0.0333333333333] = {
		-0.973968,
		-0.030486,
		0.224625,
		0,
		-0.142003,
		-0.690337,
		-0.709415,
		0,
		0.176694,
		-0.722846,
		0.668037,
		0,
		0.367447,
		0.259664,
		0.16554,
		1
	},
	[0.05] = {
		-0.935196,
		-0.029549,
		0.352897,
		0,
		-0.237015,
		-0.688187,
		-0.685728,
		0,
		0.263122,
		-0.724931,
		0.636586,
		0,
		0.395475,
		0.286866,
		0.159361,
		1
	},
	[0.0666666666667] = {
		-0.886459,
		-0.039127,
		0.46115,
		0,
		-0.308875,
		-0.692021,
		-0.652459,
		0,
		0.344654,
		-0.720816,
		0.601363,
		0,
		0.407941,
		0.320554,
		0.154546,
		1
	},
	[0.0833333333333] = {
		-0.83043,
		-0.068651,
		0.552877,
		0,
		-0.350165,
		-0.707546,
		-0.61381,
		0,
		0.433325,
		-0.703324,
		0.563529,
		0,
		0.388255,
		0.350904,
		0.144221,
		1
	},
	[0.116666666667] = {
		-0.687916,
		-0.142454,
		0.711673,
		0,
		-0.296935,
		-0.839493,
		-0.455062,
		0,
		0.66227,
		-0.524365,
		0.535201,
		0,
		0.316872,
		0.436925,
		0.116489,
		1
	},
	[0.133333333333] = {
		-0.584405,
		-0.14391,
		0.798599,
		0,
		-0.053581,
		-0.975157,
		-0.214936,
		0,
		0.809691,
		-0.1684,
		0.562176,
		0,
		0.259348,
		0.452801,
		0.066721,
		1
	},
	[0.15] = {
		-0.525354,
		-0.088885,
		0.846229,
		0,
		0.396554,
		-0.905494,
		0.151077,
		0,
		0.752827,
		0.414945,
		0.510953,
		0,
		0.166448,
		0.456114,
		-0.002903,
		1
	},
	[0.166666666667] = {
		-0.510698,
		-0.087282,
		0.855318,
		0,
		0.717819,
		-0.590836,
		0.368306,
		0,
		0.473206,
		0.802056,
		0.364391,
		0,
		0.033576,
		0.47375,
		-0.061432,
		1
	},
	[0.183333333333] = {
		-0.434142,
		-0.105506,
		0.894645,
		0,
		0.859661,
		-0.345366,
		0.376437,
		0,
		0.269264,
		0.932518,
		0.240638,
		0,
		-0.125158,
		0.469631,
		-0.133778,
		1
	},
	[0.1] = {
		-0.763707,
		-0.112212,
		0.635736,
		0,
		-0.353961,
		-0.750767,
		-0.557728,
		0,
		0.539873,
		-0.650966,
		0.533647,
		0,
		0.358315,
		0.397384,
		0.135085,
		1
	},
	[0.216666666667] = {
		-0.416115,
		-0.195047,
		0.888147,
		0,
		0.890504,
		0.110217,
		0.441424,
		0,
		-0.183987,
		0.974581,
		0.127828,
		0,
		-0.367166,
		0.380803,
		-0.303816,
		1
	},
	[0.233333333333] = {
		-0.4484,
		-0.337513,
		0.827661,
		0,
		0.799647,
		0.262261,
		0.54017,
		0,
		-0.399378,
		0.904049,
		0.152294,
		0,
		-0.431389,
		0.299155,
		-0.393096,
		1
	},
	[0.25] = {
		-0.345929,
		-0.293161,
		0.891285,
		0,
		0.781158,
		0.436213,
		0.446665,
		0,
		-0.519735,
		0.85075,
		0.078106,
		0,
		-0.489839,
		0.180603,
		-0.436786,
		1
	},
	[0.266666666667] = {
		-0.244009,
		-0.224547,
		0.943418,
		0,
		0.748391,
		0.57508,
		0.330444,
		0,
		-0.616742,
		0.786677,
		0.027724,
		0,
		-0.526762,
		0.088954,
		-0.451995,
		1
	},
	[0.283333333333] = {
		-0.161927,
		-0.150643,
		0.975236,
		0,
		0.706827,
		0.671928,
		0.221153,
		0,
		-0.688604,
		0.725134,
		-0.002325,
		0,
		-0.52016,
		0.022738,
		-0.454043,
		1
	},
	[0.2] = {
		-0.364062,
		-0.125074,
		0.922938,
		0,
		0.92953,
		-0.111121,
		0.351604,
		0,
		0.058581,
		0.985905,
		0.156716,
		0,
		-0.262216,
		0.415402,
		-0.210241,
		1
	},
	[0.316666666667] = {
		-0.105957,
		-0.061461,
		0.99247,
		0,
		0.641592,
		0.758307,
		0.115457,
		0,
		-0.759692,
		0.648994,
		-0.040915,
		0,
		-0.489001,
		-0.05507,
		-0.480806,
		1
	},
	[0.333333333333] = {
		-0.10496,
		-0.032685,
		0.993939,
		0,
		0.619092,
		0.780025,
		0.091027,
		0,
		-0.778273,
		0.624894,
		-0.061636,
		0,
		-0.463897,
		-0.072826,
		-0.51308,
		1
	},
	[0.35] = {
		-0.111285,
		-0.009298,
		0.993745,
		0,
		0.601422,
		0.795423,
		0.074793,
		0,
		-0.791143,
		0.605983,
		-0.082926,
		0,
		-0.433657,
		-0.081422,
		-0.549127,
		1
	},
	[0.366666666667] = {
		-0.121317,
		0.009303,
		0.99257,
		0,
		0.587627,
		0.806576,
		0.064264,
		0,
		-0.799985,
		0.591057,
		-0.103318,
		0,
		-0.401929,
		-0.088421,
		-0.579766,
		1
	},
	[0.383333333333] = {
		-0.131673,
		0.024424,
		0.990992,
		0,
		0.57658,
		0.815083,
		0.056521,
		0,
		-0.806361,
		0.578829,
		-0.121406,
		0,
		-0.374814,
		-0.103387,
		-0.598167,
		1
	},
	[0.3] = {
		-0.118135,
		-0.095804,
		0.988365,
		0,
		0.669416,
		0.727477,
		0.150528,
		0,
		-0.733434,
		0.67941,
		-0.021808,
		0,
		-0.506615,
		-0.023696,
		-0.462113,
		1
	},
	[0.416666666667] = {
		-0.159264,
		0.043911,
		0.986259,
		0,
		0.564778,
		0.823439,
		0.05454,
		0,
		-0.809729,
		0.565704,
		-0.155944,
		0,
		-0.33263,
		-0.139986,
		-0.618464,
		1
	},
	[0.433333333333] = {
		-0.179016,
		0.048035,
		0.982673,
		0,
		0.564529,
		0.823035,
		0.06261,
		0,
		-0.805767,
		0.565956,
		-0.174453,
		0,
		-0.314052,
		-0.152822,
		-0.628644,
		1
	},
	[0.45] = {
		-0.202305,
		0.048932,
		0.978099,
		0,
		0.567423,
		0.81988,
		0.076346,
		0,
		-0.798188,
		0.570441,
		-0.193631,
		0,
		-0.2967,
		-0.162105,
		-0.639147,
		1
	},
	[0.466666666667] = {
		-0.228866,
		0.047024,
		0.972322,
		0,
		0.572908,
		0.814039,
		0.095482,
		0,
		-0.787018,
		0.578903,
		-0.213246,
		0,
		-0.280088,
		-0.167878,
		-0.649937,
		1
	},
	[0.483333333333] = {
		-0.258434,
		0.04275,
		0.965083,
		0,
		0.58038,
		0.805495,
		0.119736,
		0,
		-0.77225,
		0.591059,
		-0.232979,
		0,
		-0.263652,
		-0.17027,
		-0.660772,
		1
	},
	[0.4] = {
		-0.14336,
		0.036164,
		0.98901,
		0,
		0.568658,
		0.820902,
		0.052411,
		0,
		-0.809985,
		0.569922,
		-0.138249,
		0,
		-0.352824,
		-0.12358,
		-0.608412,
		1
	},
	[0.516666666667] = {
		-0.325484,
		0.028956,
		0.945104,
		0,
		0.598658,
		0.779991,
		0.182274,
		0,
		-0.731894,
		0.625121,
		-0.271209,
		0,
		-0.228892,
		-0.166104,
		-0.681085,
		1
	},
	[0.533333333333] = {
		-0.362313,
		0.020409,
		0.931833,
		0,
		0.608098,
		0.762846,
		0.219731,
		0,
		-0.706361,
		0.646258,
		-0.2888,
		0,
		-0.209715,
		-0.16071,
		-0.689691,
		1
	},
	[0.55] = {
		-0.400826,
		0.011421,
		0.916083,
		0,
		0.616825,
		0.742697,
		0.260629,
		0,
		-0.677396,
		0.66953,
		-0.304737,
		0,
		-0.189198,
		-0.154119,
		-0.696843,
		1
	},
	[0.566666666667] = {
		-0.440557,
		0.002482,
		0.897721,
		0,
		0.624198,
		0.719553,
		0.304336,
		0,
		-0.645203,
		0.694433,
		-0.318553,
		0,
		-0.167753,
		-0.147102,
		-0.702401,
		1
	},
	[0.583333333333] = {
		-0.480989,
		-0.005984,
		0.876706,
		0,
		0.629567,
		0.693579,
		0.350135,
		0,
		-0.61016,
		0.720356,
		-0.329837,
		0,
		-0.145753,
		-0.140208,
		-0.706566,
		1
	},
	[0.5] = {
		-0.290743,
		0.036569,
		0.956102,
		0,
		0.589187,
		0.794178,
		0.148791,
		0,
		-0.753875,
		0.606583,
		-0.252447,
		0,
		-0.246761,
		-0.169516,
		-0.671308,
		1
	},
	[0.616666666667] = {
		-0.561735,
		-0.020083,
		0.827073,
		0,
		0.632303,
		0.634272,
		0.444852,
		0,
		-0.533523,
		0.772849,
		-0.343594,
		0,
		-0.103445,
		-0.127947,
		-0.711485,
		1
	},
	[0.633333333333] = {
		-0.600982,
		-0.025114,
		0.798868,
		0,
		0.629089,
		0.601674,
		0.492173,
		0,
		-0.493019,
		0.798347,
		-0.345796,
		0,
		-0.083945,
		-0.122445,
		-0.712967,
		1
	},
	[0.65] = {
		-0.638745,
		-0.028547,
		0.768889,
		0,
		0.622714,
		0.567769,
		0.538392,
		0,
		-0.45192,
		0.822693,
		-0.344883,
		0,
		-0.065895,
		-0.11731,
		-0.714197,
		1
	},
	[0.666666666667] = {
		-0.674531,
		-0.030306,
		0.737624,
		0,
		0.61331,
		0.533149,
		0.582755,
		0,
		-0.410924,
		0.845479,
		-0.341038,
		0,
		-0.04951,
		-0.112333,
		-0.71536,
		1
	},
	[0.683333333333] = {
		-0.707919,
		-0.030423,
		0.705638,
		0,
		0.601175,
		0.498451,
		0.624609,
		0,
		-0.370728,
		0.866384,
		-0.334574,
		0,
		-0.034822,
		-0.107412,
		-0.716552,
		1
	},
	[0.6] = {
		-0.521561,
		-0.013617,
		0.853105,
		0,
		0.632389,
		0.665046,
		0.397238,
		0,
		-0.572764,
		0.746678,
		-0.338251,
		0,
		-0.124287,
		-0.133782,
		-0.709424,
		1
	},
	[0.716666666667] = {
		-0.766313,
		-0.026285,
		0.641929,
		0,
		0.570554,
		0.431485,
		0.698777,
		0,
		-0.29535,
		0.901737,
		-0.315655,
		0,
		-0.01034,
		-0.097642,
		-0.718974,
		1
	},
	[0.733333333333] = {
		-0.790974,
		-0.0225,
		0.611435,
		0,
		0.553235,
		0.400516,
		0.730423,
		0,
		-0.261324,
		0.916013,
		-0.304351,
		0,
		-0.000435,
		-0.09289,
		-0.720316,
		1
	},
	[0.75] = {
		-0.812534,
		-0.017966,
		0.582636,
		0,
		0.535455,
		0.372034,
		0.758208,
		0,
		-0.230383,
		0.928045,
		-0.29267,
		0,
		0.007979,
		-0.088356,
		-0.721753,
		1
	},
	[0.766666666667] = {
		-0.831038,
		-0.013017,
		0.556063,
		0,
		0.517885,
		0.346587,
		0.782095,
		0,
		-0.202904,
		0.937927,
		-0.281286,
		0,
		0.014935,
		-0.084168,
		-0.723242,
		1
	},
	[0.783333333333] = {
		-0.846578,
		-0.007963,
		0.532205,
		0,
		0.501191,
		0.324715,
		0.802102,
		0,
		-0.179202,
		0.945779,
		-0.270905,
		0,
		0.020444,
		-0.08051,
		-0.724728,
		1
	},
	[0.7] = {
		-0.738587,
		-0.029014,
		0.673534,
		0,
		0.586742,
		0.464342,
		0.663416,
		0,
		-0.331998,
		0.885181,
		-0.325933,
		0,
		-0.021784,
		-0.102507,
		-0.71774,
		1
	},
	[0.816666666667] = {
		-0.869268,
		0.001271,
		0.49434,
		0,
		0.472865,
		0.293685,
		0.830751,
		0,
		-0.144124,
		0.955901,
		-0.255892,
		0,
		0.027068,
		-0.075531,
		-0.727502,
		1
	},
	[0.833333333333] = {
		-0.876663,
		0.004891,
		0.481081,
		0,
		0.462302,
		0.285392,
		0.839541,
		0,
		-0.13319,
		0.958398,
		-0.252454,
		0,
		0.02812,
		-0.074534,
		-0.728726,
		1
	},
	[0.85] = {
		-0.881922,
		0.007469,
		0.471337,
		0,
		0.454272,
		0.280515,
		0.845546,
		0,
		-0.125902,
		0.95982,
		-0.250786,
		0,
		0.02838,
		-0.074166,
		-0.729783,
		1
	},
	[0.866666666667] = {
		-0.885638,
		0.008945,
		0.464291,
		0,
		0.44832,
		0.277108,
		0.849835,
		0,
		-0.121057,
		0.960797,
		-0.249428,
		0,
		0.0286,
		-0.073897,
		-0.73066,
		1
	},
	[0.883333333333] = {
		-0.88805,
		0.009432,
		0.45965,
		0,
		0.444251,
		0.274987,
		0.852656,
		0,
		-0.118355,
		0.961402,
		-0.248393,
		0,
		0.028782,
		-0.073717,
		-0.731374,
		1
	},
	[0.8] = {
		-0.859278,
		-0.003101,
		0.5115,
		0,
		0.485995,
		0.306933,
		0.818291,
		0,
		-0.159534,
		0.951726,
		-0.262234,
		0,
		0.024496,
		-0.077577,
		-0.726159,
		1
	},
	[0.916666666667] = {
		-0.88975,
		0.007978,
		0.456379,
		0,
		0.440881,
		0.273921,
		0.854746,
		0,
		-0.118193,
		0.961719,
		-0.247239,
		0,
		0.029049,
		-0.073595,
		-0.732399,
		1
	},
	[0.933333333333] = {
		-0.889369,
		0.006318,
		0.457146,
		0,
		0.441117,
		0.274651,
		0.85439,
		0,
		-0.120158,
		0.961523,
		-0.247053,
		0,
		0.029144,
		-0.073635,
		-0.732757,
		1
	},
	[0.95] = {
		-0.888368,
		0.004227,
		0.459113,
		0,
		0.442318,
		0.276013,
		0.85333,
		0,
		-0.123114,
		0.961145,
		-0.24707,
		0,
		0.029223,
		-0.073732,
		-0.733046,
		1
	},
	[0.966666666667] = {
		-0.886891,
		0.001854,
		0.461975,
		0,
		0.444243,
		0.277843,
		0.851734,
		0,
		-0.126778,
		0.960625,
		-0.24724,
		0,
		0.029291,
		-0.073876,
		-0.733292,
		1
	},
	[0.983333333333] = {
		-0.885084,
		-0.000655,
		0.465431,
		0,
		0.446654,
		0.279982,
		0.849771,
		0,
		-0.130869,
		0.960005,
		-0.247515,
		0,
		0.029356,
		-0.07406,
		-0.733521,
		1
	},
	[0.9] = {
		-0.889362,
		0.009065,
		0.457113,
		0,
		0.441848,
		0.273979,
		0.854228,
		0,
		-0.117496,
		0.961693,
		-0.247672,
		0,
		0.02893,
		-0.073619,
		-0.731946,
		1
	},
	[1.01666666667] = {
		-0.881089,
		-0.005515,
		0.472918,
		0,
		0.451996,
		0.284521,
		0.845428,
		0,
		-0.139217,
		0.958654,
		-0.248195,
		0,
		0.029503,
		-0.07451,
		-0.734023,
		1
	},
	[1.03333333333] = {
		-0.879224,
		-0.007584,
		0.476348,
		0,
		0.454469,
		0.286583,
		0.843403,
		0,
		-0.14291,
		0.958025,
		-0.248523,
		0,
		0.029596,
		-0.074759,
		-0.734337,
		1
	},
	[1.05] = {
		-0.877673,
		-0.009233,
		0.47917,
		0,
		0.45651,
		0.288273,
		0.841723,
		0,
		-0.145904,
		0.957504,
		-0.248794,
		0,
		0.029712,
		-0.075013,
		-0.734724,
		1
	},
	[1.06666666667] = {
		-0.876615,
		-0.010318,
		0.481081,
		0,
		0.457897,
		0.289416,
		0.840577,
		0,
		-0.147906,
		0.957148,
		-0.248982,
		0,
		0.029855,
		-0.075263,
		-0.735205,
		1
	},
	[1.08333333333] = {
		-0.876224,
		-0.010711,
		0.481786,
		0,
		0.458409,
		0.289835,
		0.840153,
		0,
		-0.148637,
		0.957017,
		-0.249051,
		0,
		0.030028,
		-0.0755,
		-0.735804,
		1
	}
}

return spline_matrices
